The random seed is 1592059104.
There are 255 vertices, 347 tasks, and the capacities of vehicles is 14100.

The max number of idle iteration of generating individual: 1000
Beta: 0.900000
The max iteration of k-means: 200
The algorithm stop at the 2393th iteration
The algorith took 2359531 clicks (2359.531000 seconds).
The best searched solution with total cost 2174224 :
1 1 13211 25249 20 (D,0,1,1,0,0)(S,1,1,5,1860,1860)(S,2,5,6,2416,2416)(S,3,6,7,3237,3237)(S,4,7,8,3843,3843)(S,5,8,9,6038,6038)(S,6,9,10,6320,6320)(S,7,10,11,8154,8154)(S,8,11,12,9263,9263)(S,9,12,13,9854,9854)(S,10,13,14,13211,13211)(P,10,14,13,13211,16568)(P,9,13,12,13211,17159)(P,8,12,11,13211,18268)(P,7,11,10,13211,20102)(P,6,10,9,13211,20384)(P,36,9,255,13211,21021)(P,29,255,7,13211,22012)(P,3,7,6,13211,22833)(P,2,6,5,13211,23389)(P,1,5,1,13211,25249)(D,0,1,1,13211,25249)
1 2 12955 43894 34 (D,0,1,1,0,0)(P,1,1,5,0,1860)(P,2,5,6,0,2416)(P,3,6,7,0,3237)(P,29,7,255,0,4228)(P,36,255,9,0,4865)(P,6,9,10,0,5147)(P,7,10,11,0,6981)(P,8,11,12,0,8090)(P,9,12,13,0,8681)(P,10,13,14,0,12038)(S,11,14,15,1922,13960)(S,61,15,45,3336,15374)(S,62,45,46,6117,18155)(S,63,46,47,6961,18999)(P,63,47,46,6961,19843)(S,64,46,48,7735,20617)(S,65,48,49,8288,21170)(S,66,49,46,9519,22401)(P,64,46,48,9519,23175)(S,92,48,4,10393,24049)(S,90,4,66,12955,26611)(P,89,66,65,12955,28943)(P,88,65,64,12955,29463)(P,87,64,60,12955,30586)(P,82,60,59,12955,30944)(P,80,59,58,12955,31268)(P,79,58,56,12955,31600)(P,76,56,53,12955,32145)(P,74,53,55,12955,32807)(P,73,55,42,12955,34678)(P,55,42,39,12955,38322)(P,51,39,38,12955,40344)(P,349,38,25,12955,41053)(P,348,25,1,12955,43894)(D,0,1,1,12955,43894)
1 3 13127 49321 37 (D,0,1,1,0,0)(P,348,1,25,0,2841)(P,349,25,38,0,3550)(P,51,38,39,0,5572)(P,55,39,42,0,9216)(P,73,42,55,0,11087)(P,74,55,53,0,11749)(P,76,53,56,0,12294)(P,79,56,58,0,12626)(P,80,58,59,0,12950)(P,82,59,60,0,13308)(P,87,60,64,0,14431)(P,88,64,65,0,14951)(P,89,65,66,0,17283)(S,89,66,65,2332,19615)(S,88,65,64,2852,20135)(S,87,64,60,3975,21258)(S,82,60,59,4333,21616)(S,80,59,58,4657,21940)(S,78,58,57,5079,22362)(S,77,57,56,5420,22703)(S,76,56,53,5965,23248)(S,70,53,52,7219,24502)(S,69,52,51,8409,25692)(S,68,51,50,9895,27178)(S,67,50,49,10936,28219)(P,67,49,50,10936,29260)(S,91,50,4,13127,31451)(P,91,4,50,13127,33642)(P,68,50,51,13127,35128)(P,69,51,52,13127,36318)(P,70,52,53,13127,37572)(P,74,53,55,13127,38234)(P,73,55,42,13127,40105)(P,55,42,39,13127,43749)(P,51,39,38,13127,45771)(P,349,38,25,13127,46480)(P,348,25,1,13127,49321)(D,0,1,1,13127,49321)
1 4 11658 44777 33 (D,0,1,1,0,0)(P,348,1,25,0,2841)(P,349,25,38,0,3550)(P,51,38,39,0,5572)(P,55,39,42,0,9216)(P,73,42,55,0,11087)(P,74,55,53,0,11749)(P,70,53,52,0,13003)(P,69,52,51,0,14193)(S,83,51,60,1076,15269)(P,82,60,59,1076,15627)(S,81,59,52,1578,16129)(P,81,52,59,1578,16631)(P,80,59,58,1578,16955)(S,79,58,56,1910,17287)(P,77,56,57,1910,17628)(S,84,57,61,2278,17996)(S,85,61,62,2654,18372)(S,86,62,63,4323,20041)(P,86,63,62,4323,21710)(S,101,62,74,7632,25019)(S,100,74,73,8209,25596)(S,99,73,72,11163,28550)(S,112,72,81,11446,28833)(S,111,81,80,11658,29045)(P,111,80,81,11658,29257)(P,112,81,72,11658,29540)(P,99,72,73,11658,32494)(P,103,73,75,11658,33082)(P,104,75,42,11658,35561)(P,55,42,39,11658,39205)(P,51,39,38,11658,41227)(P,349,38,25,11658,41936)(P,348,25,1,11658,44777)(D,0,1,1,11658,44777)
1 5 12554 41112 21 (D,0,1,1,0,0)(P,348,1,25,0,2841)(P,349,25,38,0,3550)(P,51,38,39,0,5572)(P,55,39,42,0,9216)(P,104,42,75,0,11695)(P,103,75,73,0,12283)(P,99,73,72,0,15237)(P,112,72,81,0,15520)(P,111,81,80,0,15732)(S,110,80,78,4719,20451)(S,108,78,76,8176,23908)(S,105,76,75,11423,27155)(S,102,75,74,11966,27698)(P,102,74,75,11966,28241)(S,103,75,73,12554,28829)(P,103,73,75,12554,29417)(P,104,75,42,12554,31896)(P,55,42,39,12554,35540)(P,51,39,38,12554,37562)(P,349,38,25,12554,38271)(P,348,25,1,12554,41112)(D,0,1,1,12554,41112)
1 6 13788 30517 25 (D,0,1,1,0,0)(P,348,1,25,0,2841)(P,349,25,38,0,3550)(P,51,38,39,0,5572)(P,55,39,42,0,9216)(P,104,42,75,0,11695)(S,104,75,42,2479,14174)(S,55,42,39,6123,17818)(S,51,39,38,8145,19840)(P,349,38,25,8145,20549)(S,26,25,24,9706,22110)(S,24,24,22,10234,22638)(S,21,22,20,10753,23157)(S,18,20,16,11713,24117)(S,12,16,5,12103,24507)(P,12,5,16,12103,24897)(S,13,16,17,12324,25118)(S,14,17,18,12642,25436)(S,15,18,6,13071,25865)(P,15,6,18,13071,26294)(S,16,18,19,13788,27011)(P,16,19,18,13788,27728)(P,14,18,17,13788,28046)(P,13,17,16,13788,28267)(P,12,16,5,13788,28657)(P,1,5,1,13788,30517)(D,0,1,1,13788,30517)
1 7 13734 26934 36 (D,0,1,1,0,0)(P,1,1,5,0,1860)(P,12,5,16,0,2250)(P,13,16,17,0,2471)(P,14,17,18,0,2789)(P,16,18,19,0,3506)(S,17,19,7,503,4009)(S,29,7,255,1494,5000)(S,36,255,9,2131,5637)(S,35,9,29,2925,6431)(S,33,29,27,3645,7151)(S,30,27,26,4614,8120)(S,27,26,21,5295,8801)(S,19,21,20,5964,9470)(P,21,20,22,5964,9989)(S,22,22,23,6427,10452)(S,23,23,21,7412,11437)(S,20,21,19,7872,11897)(P,17,19,7,7872,12400)(P,4,7,8,7872,13006)(S,28,8,26,8935,14069)(P,30,26,27,8935,15038)(S,32,27,28,9525,15628)(S,31,28,23,10996,17099)(S,25,23,24,11475,17578)(P,25,24,23,11475,18057)(P,31,23,28,11475,19528)(S,34,28,29,12294,20347)(S,38,29,31,12853,20906)(S,39,31,30,13236,21289)(S,37,30,10,13734,21787)(P,6,10,9,13734,22069)(P,36,9,255,13734,22706)(P,29,255,7,13734,23697)(P,3,7,6,13734,24518)(P,2,6,5,13734,25074)(P,1,5,1,13734,26934)(D,0,1,1,13734,26934)
1 8 13963 30275 32 (D,0,1,1,0,0)(P,1,1,5,0,1860)(P,2,5,6,0,2416)(P,3,6,7,0,3237)(P,29,7,255,0,4228)(P,36,255,9,0,4865)(P,6,9,10,0,5147)(P,37,10,30,0,5645)(S,42,30,33,1373,7018)(S,41,33,32,1793,7438)(S,40,32,31,3464,9109)(P,40,31,32,3464,10780)(S,44,32,34,4010,11326)(S,45,34,35,4520,11836)(S,46,35,36,4883,12199)(S,47,36,33,5307,12623)(S,43,33,11,5437,12753)(P,43,11,33,5437,12883)(P,47,33,36,5437,13307)(S,48,36,12,6110,13980)(P,9,12,13,6110,14571)(S,50,13,37,6336,14797)(S,49,37,35,7230,15691)(P,45,35,34,7230,16201)(S,54,34,41,9763,18734)(S,53,41,39,12194,21165)(S,52,39,40,12941,21912)(S,107,40,77,13963,22934)(P,107,77,40,13963,23956)(P,52,40,39,13963,24703)(P,51,39,38,13963,26725)(P,349,38,25,13963,27434)(P,348,25,1,13963,30275)(D,0,1,1,13963,30275)
1 9 13697 50180 32 (D,0,1,1,0,0)(P,348,1,25,0,2841)(P,349,25,38,0,3550)(P,51,38,39,0,5572)(P,52,39,40,0,6319)(P,107,40,77,0,7341)(S,106,77,76,1169,8510)(P,108,76,78,1169,11967)(S,109,78,79,1511,12309)(P,109,79,78,1511,12651)(P,110,78,80,1511,17370)(S,117,80,84,2805,18664)(S,118,84,85,5189,21048)(S,119,85,86,6796,22655)(S,121,86,87,7837,23696)(S,120,87,84,9316,25175)(S,116,84,83,10987,26846)(P,116,83,84,10987,28517)(P,120,84,87,10987,29996)(S,143,87,101,12410,31419)(S,144,101,102,13125,32134)(S,145,102,103,13697,32706)(P,145,103,102,13697,33278)(P,144,102,101,13697,33993)(P,143,101,87,13697,35416)(P,121,87,86,13697,36457)(P,122,86,88,13697,44467)(P,123,88,89,13697,45069)(P,125,89,255,13697,45952)(P,29,255,7,13697,46943)(P,3,7,6,13697,47764)(P,2,6,5,13697,48320)(P,1,5,1,13697,50180)(D,0,1,1,13697,50180)
1 10 13464 46449 33 (D,0,1,1,0,0)(P,1,1,5,0,1860)(P,2,5,6,0,2416)(P,3,6,7,0,3237)(P,29,7,255,0,4228)(P,125,255,89,0,5111)(P,123,89,88,0,5713)(P,122,88,86,0,13723)(P,121,86,87,0,14764)(P,143,87,101,0,16187)(P,144,101,102,0,16902)(P,145,102,103,0,17474)(S,146,103,104,2681,20155)(S,147,104,105,3979,21453)(S,148,105,106,5430,22904)(S,151,106,108,6060,23534)(S,150,108,107,6557,24031)(S,149,107,105,7539,25013)(P,149,105,107,7539,25995)(S,153,107,109,8617,27073)(S,152,109,108,9885,28341)(P,151,108,106,9885,28971)(S,167,106,118,11185,30271)(S,168,118,117,13464,32550)(P,172,117,121,13464,35707)(P,173,121,122,13464,38467)(P,176,122,124,13464,39377)(P,178,124,125,13464,40863)(P,215,125,150,13464,41744)(P,217,150,255,13464,42221)(P,29,255,7,13464,43212)(P,3,7,6,13464,44033)(P,2,6,5,13464,44589)(P,1,5,1,13464,46449)(D,0,1,1,13464,46449)
1 11 14080 44888 32 (D,0,1,1,0,0)(P,1,1,5,0,1860)(P,2,5,6,0,2416)(P,3,6,7,0,3237)(P,29,7,255,0,4228)(P,217,255,150,0,4705)(P,215,150,125,0,5586)(P,178,125,124,0,7072)(P,176,124,122,0,7982)(P,173,122,121,0,10742)(P,172,121,117,0,13899)(S,166,117,116,4996,18895)(S,165,116,115,5300,19199)(S,162,115,113,7631,21530)(S,158,113,112,8211,22110)(S,157,112,101,11418,25317)(P,144,101,102,11418,26032)(S,155,102,111,11854,26468)(S,156,111,103,12066,26680)(P,156,103,111,12066,26892)(S,160,111,114,14080,28906)(P,159,114,113,14080,30110)(P,162,113,115,14080,32441)(P,165,115,116,14080,32745)(P,175,116,123,14080,37274)(P,177,123,124,14080,37816)(P,178,124,125,14080,39302)(P,215,125,150,14080,40183)(P,217,150,255,14080,40660)(P,29,255,7,14080,41651)(P,3,7,6,14080,42472)(P,2,6,5,14080,43028)(P,1,5,1,14080,44888)(D,0,1,1,14080,44888)
1 12 13790 49998 35 (D,0,1,1,0,0)(P,1,1,5,0,1860)(P,2,5,6,0,2416)(P,3,6,7,0,3237)(P,29,7,255,0,4228)(P,217,255,150,0,4705)(P,215,150,125,0,5586)(P,178,125,124,0,7072)(P,177,124,123,0,7614)(P,175,123,116,0,12143)(P,165,116,115,0,12447)(P,162,115,113,0,14778)(P,159,113,114,0,15982)(S,159,114,113,1204,17186)(P,159,113,114,1204,18390)(S,161,114,104,4296,21482)(P,147,104,105,4296,22780)(P,149,105,107,4296,23762)(P,153,107,109,4296,24840)(S,154,109,110,6020,26564)(P,154,110,109,6020,28288)(P,152,109,108,6020,29556)(P,151,108,106,6020,30186)(P,167,106,118,6020,31486)(S,169,118,119,9942,35408)(S,170,119,117,10633,36099)(S,172,117,121,13790,39256)(P,173,121,122,13790,42016)(P,176,122,124,13790,42926)(P,178,124,125,13790,44412)(P,215,125,150,13790,45293)(P,217,150,255,13790,45770)(P,29,255,7,13790,46761)(P,3,7,6,13790,47582)(P,2,6,5,13790,48138)(P,1,5,1,13790,49998)(D,0,1,1,13790,49998)
1 13 13531 38313 29 (D,0,1,1,0,0)(P,1,1,5,0,1860)(P,2,5,6,0,2416)(P,3,6,7,0,3237)(P,29,7,255,0,4228)(P,217,255,150,0,4705)(P,215,150,125,0,5586)(P,178,125,124,0,7072)(P,176,124,122,0,7982)(P,173,122,121,0,10742)(S,173,121,122,2760,13502)(S,174,122,123,3603,14345)(S,177,123,124,4145,14887)(S,176,124,122,5055,15797)(P,174,122,123,5055,16640)(S,175,123,116,9584,21169)(P,165,116,115,9584,21473)(S,164,115,99,11555,23444)(P,164,99,115,11555,25415)(P,165,115,116,11555,25719)(P,175,116,123,11555,30248)(P,177,123,124,11555,30790)(S,178,124,125,13041,32276)(S,179,125,126,13531,32766)(P,214,126,150,13531,33608)(P,217,150,255,13531,34085)(P,29,255,7,13531,35076)(P,3,7,6,13531,35897)(P,2,6,5,13531,36453)(P,1,5,1,13531,38313)(D,0,1,1,13531,38313)
1 14 8749 20950 25 (D,0,1,1,0,0)(P,1,1,5,0,1860)(P,2,5,6,0,2416)(P,3,6,7,0,3237)(P,29,7,255,0,4228)(P,217,255,150,0,4705)(P,214,150,126,0,5547)(S,214,126,150,842,6389)(S,213,150,141,1389,6936)(S,202,141,142,2697,8244)(P,201,142,140,2697,8638)(S,200,140,141,3835,9776)(P,213,141,150,3835,10323)(S,215,150,125,4716,11204)(S,219,125,152,5687,12175)(S,218,152,151,6423,12911)(S,216,151,150,6787,13275)(S,217,150,255,7264,13752)(S,125,255,89,8147,14635)(S,123,89,88,8749,15237)(P,123,88,89,8749,15839)(P,125,89,255,8749,16722)(P,29,255,7,8749,17713)(P,3,7,6,8749,18534)(P,2,6,5,8749,19090)(P,1,5,1,8749,20950)(D,0,1,1,8749,20950)
1 15 10917 33260 20 (D,0,1,1,0,0)(P,1,1,5,0,1860)(P,2,5,6,0,2416)(P,3,6,7,0,3237)(P,29,7,255,0,4228)(P,125,255,89,0,5111)(P,123,89,88,0,5713)(S,122,88,86,8010,13723)(P,122,86,88,8010,21733)(P,123,88,89,8010,22335)(S,124,89,90,8905,23230)(P,124,90,89,8905,24125)(P,125,89,255,8905,25008)(S,251,255,171,9946,26049)(S,248,171,170,10917,27020)(P,248,170,171,10917,27991)(P,251,171,255,10917,29032)(P,29,255,7,10917,30023)(P,3,7,6,10917,30844)(P,2,6,5,10917,31400)(P,1,5,1,10917,33260)(D,0,1,1,10917,33260)
1 16 12658 24321 21 (D,0,1,1,0,0)(P,1,1,5,0,1860)(P,2,5,6,0,2416)(P,3,6,7,0,3237)(P,29,7,255,0,4228)(P,251,255,171,0,5269)(P,248,171,170,0,6240)(S,247,170,120,3454,9694)(S,234,120,162,3982,10222)(S,233,162,156,5919,12159)(S,225,156,155,8039,14279)(S,223,155,152,10415,16655)(S,221,152,153,11051,17291)(S,220,153,151,12304,18544)(P,216,151,150,12304,18908)(P,217,150,255,12304,19385)(S,320,255,233,12658,19739)(P,320,233,255,12658,20093)(P,29,255,7,12658,21084)(P,3,7,6,12658,21905)(P,2,6,5,12658,22461)(P,1,5,1,12658,24321)(D,0,1,1,12658,24321)
1 17 11368 24539 13 (D,0,1,1,0,0)(P,1,1,5,0,1860)(P,2,5,6,0,2416)(P,3,6,7,0,3237)(P,29,7,255,0,4228)(P,320,255,233,0,4582)(S,318,233,232,4093,8675)(S,321,232,234,11368,15950)(P,319,234,233,11368,19957)(P,320,233,255,11368,20311)(P,29,255,7,11368,21302)(P,3,7,6,11368,22123)(P,2,6,5,11368,22679)(P,1,5,1,11368,24539)(D,0,1,1,11368,24539)
1 18 13063 39314 28 (D,0,1,1,0,0)(P,1,1,5,0,1860)(P,2,5,6,0,2416)(P,3,6,7,0,3237)(P,29,7,255,0,4228)(P,320,255,233,0,4582)(P,319,233,234,0,8589)(S,319,234,233,4007,12596)(P,320,233,255,4007,12950)(P,251,255,171,4007,13991)(S,249,171,172,4893,14877)(S,250,172,173,5323,15307)(P,250,173,172,5323,15737)(P,249,172,171,5323,16623)(P,248,171,170,5323,17594)(S,252,170,174,10127,22398)(S,265,174,182,11358,23629)(S,264,182,181,12106,24377)(S,262,181,180,13063,25334)(P,262,180,181,13063,26291)(P,264,181,182,13063,27039)(P,265,182,174,13063,28270)(P,252,174,170,13063,33074)(P,248,170,171,13063,34045)(P,251,171,255,13063,35086)(P,29,255,7,13063,36077)(P,3,7,6,13063,36898)(P,2,6,5,13063,37454)(P,1,5,1,13063,39314)(D,0,1,1,13063,39314)
1 19 10021 38160 26 (D,0,1,1,0,0)(P,1,1,5,0,1860)(P,2,5,6,0,2416)(P,3,6,7,0,3237)(P,29,7,255,0,4228)(P,251,255,171,0,5269)(P,248,171,170,0,6240)(P,252,170,174,0,11044)(P,265,174,182,0,12275)(P,264,182,181,0,13023)(P,262,181,180,0,13980)(S,260,180,179,2073,16053)(S,259,179,178,4055,18035)(S,258,178,166,7474,21454)(S,241,166,165,8588,22568)(S,239,165,164,9371,23351)(S,238,164,161,10021,24001)(P,237,161,157,10021,28164)(P,227,157,154,10021,31338)(P,222,154,153,10021,31838)(P,220,153,151,10021,33091)(P,216,151,150,10021,33455)(P,217,150,255,10021,33932)(P,29,255,7,10021,34923)(P,3,7,6,10021,35744)(P,2,6,5,10021,36300)(P,1,5,1,10021,38160)(D,0,1,1,10021,38160)
1 20 12385 37345 26 (D,0,1,1,0,0)(P,1,1,5,0,1860)(P,2,5,6,0,2416)(P,3,6,7,0,3237)(P,29,7,255,0,4228)(P,217,255,150,0,4705)(P,216,150,151,0,5069)(P,220,151,153,0,6322)(P,222,153,154,0,6822)(P,227,154,157,0,9996)(P,237,157,161,0,14159)(S,232,161,159,5318,19477)(S,229,159,158,5652,19811)(S,228,158,154,7416,21575)(S,222,154,153,7916,22075)(P,222,153,154,7916,22575)(S,227,154,157,11090,25749)(S,226,157,156,12385,27044)(P,225,156,155,12385,29164)(P,223,155,152,12385,31540)(P,218,152,151,12385,32276)(P,216,151,150,12385,32640)(P,217,150,255,12385,33117)(P,29,255,7,12385,34108)(P,3,7,6,12385,34929)(P,2,6,5,12385,35485)(P,1,5,1,12385,37345)(D,0,1,1,12385,37345)
1 21 11712 36826 24 (D,0,1,1,0,0)(P,1,1,5,0,1860)(P,2,5,6,0,2416)(P,3,6,7,0,3237)(P,29,7,255,0,4228)(P,217,255,150,0,4705)(P,216,150,151,0,5069)(P,220,151,153,0,6322)(P,222,153,154,0,6822)(P,227,154,157,0,9996)(S,236,157,163,2208,12204)(S,235,163,162,4652,14648)(P,234,162,120,4652,15176)(S,171,120,119,11712,22236)(P,170,119,117,11712,22927)(P,172,117,121,11712,26084)(P,173,121,122,11712,28844)(P,176,122,124,11712,29754)(P,178,124,125,11712,31240)(P,215,125,150,11712,32121)(P,217,150,255,11712,32598)(P,29,255,7,11712,33589)(P,3,7,6,11712,34410)(P,2,6,5,11712,34966)(P,1,5,1,11712,36826)(D,0,1,1,11712,36826)
1 22 9038 37921 25 (D,0,1,1,0,0)(P,1,1,5,0,1860)(P,2,5,6,0,2416)(P,3,6,7,0,3237)(P,29,7,255,0,4228)(P,217,255,150,0,4705)(P,215,150,125,0,5586)(P,178,125,124,0,7072)(P,176,124,122,0,7982)(P,173,122,121,0,10742)(S,224,121,155,4308,15050)(P,225,155,156,4308,17170)(P,226,156,157,4308,18465)(S,237,157,161,8471,22628)(S,240,161,165,9038,23195)(P,240,165,161,9038,23762)(P,237,161,157,9038,27925)(P,227,157,154,9038,31099)(P,222,154,153,9038,31599)(P,220,153,151,9038,32852)(P,216,151,150,9038,33216)(P,217,150,255,9038,33693)(P,29,255,7,9038,34684)(P,3,7,6,9038,35505)(P,2,6,5,9038,36061)(P,1,5,1,9038,37921)(D,0,1,1,9038,37921)
1 23 12596 50802 35 (D,0,1,1,0,0)(P,1,1,5,0,1860)(P,2,5,6,0,2416)(P,3,6,7,0,3237)(P,29,7,255,0,4228)(P,217,255,150,0,4705)(P,216,150,151,0,5069)(P,220,151,153,0,6322)(P,222,153,154,0,6822)(P,227,154,157,0,9996)(P,237,157,161,0,14159)(P,238,161,164,0,14809)(S,246,164,169,6561,21370)(P,246,169,164,6561,27931)(P,239,164,165,6561,28714)(P,241,165,166,6561,29828)(S,242,166,167,7752,31019)(S,243,167,163,8390,31657)(S,245,163,168,9864,33131)(S,244,168,167,10770,34037)(P,244,167,168,10770,34943)(S,255,168,176,11041,35214)(S,254,176,175,11900,36073)(S,253,175,166,12596,36769)(P,242,166,167,12596,37960)(P,243,167,163,12596,38598)(P,236,163,157,12596,40806)(P,227,157,154,12596,43980)(P,222,154,153,12596,44480)(P,220,153,151,12596,45733)(P,216,151,150,12596,46097)(P,217,150,255,12596,46574)(P,29,255,7,12596,47565)(P,3,7,6,12596,48386)(P,2,6,5,12596,48942)(P,1,5,1,12596,50802)(D,0,1,1,12596,50802)
1 24 12527 48920 34 (D,0,1,1,0,0)(P,1,1,5,0,1860)(P,2,5,6,0,2416)(P,3,6,7,0,3237)(P,29,7,255,0,4228)(P,217,255,150,0,4705)(P,216,150,151,0,5069)(P,220,151,153,0,6322)(P,222,153,154,0,6822)(P,227,154,157,0,9996)(P,236,157,163,0,12204)(P,243,163,167,0,12842)(P,242,167,166,0,14033)(P,253,166,175,0,14729)(S,257,175,177,1596,16325)(S,256,177,176,2920,17649)(P,256,176,177,2920,18973)(S,261,177,180,4282,20335)(P,262,180,181,4282,21292)(S,263,181,177,6368,23378)(P,261,177,180,6368,24740)(P,260,180,179,6368,26813)(S,266,179,183,7684,28129)(P,266,183,179,7684,29445)(S,267,179,184,9415,31176)(P,356,184,187,9415,32628)(S,271,187,188,12527,35740)(P,357,188,174,12527,37876)(P,252,174,170,12527,42680)(P,248,170,171,12527,43651)(P,251,171,255,12527,44692)(P,29,255,7,12527,45683)(P,3,7,6,12527,46504)(P,2,6,5,12527,47060)(P,1,5,1,12527,48920)(D,0,1,1,12527,48920)
1 25 13908 61277 42 (D,0,1,1,0,0)(P,1,1,5,0,1860)(P,2,5,6,0,2416)(P,3,6,7,0,3237)(P,29,7,255,0,4228)(P,251,255,171,0,5269)(P,248,171,170,0,6240)(P,252,170,174,0,11044)(P,353,174,183,0,11827)(P,266,183,179,0,13143)(P,267,179,184,0,14874)(P,354,184,185,0,16373)(S,268,185,178,2259,18632)(P,258,178,166,2259,22051)(P,241,166,165,2259,23165)(P,240,165,161,2259,23732)(P,232,161,159,2259,29050)(S,231,159,160,3349,30140)(S,230,160,158,5001,31792)(P,228,158,154,5001,33556)(P,222,154,153,5001,34056)(P,220,153,151,5001,35309)(P,216,151,150,5001,35673)(P,217,150,255,5001,36150)(P,36,255,9,5001,36787)(P,6,9,10,5001,37069)(P,37,10,30,5001,37567)(P,42,30,33,5001,38940)(P,47,33,36,5001,39364)(P,46,36,35,5001,39727)(P,49,35,37,5001,40621)(S,59,37,44,10068,45688)(S,58,44,43,10734,46354)(S,56,43,42,11339,46959)(S,73,42,55,13210,48830)(S,72,55,54,13440,49060)(S,71,54,53,13908,49528)(P,74,53,55,13908,50190)(P,73,55,42,13908,52061)(P,55,42,39,13908,55705)(P,51,39,38,13908,57727)(P,349,38,25,13908,58436)(P,348,25,1,13908,61277)(D,0,1,1,13908,61277)
1 26 11090 42017 30 (D,0,1,1,0,0)(P,348,1,25,0,2841)(P,349,25,38,0,3550)(P,51,38,39,0,5572)(P,55,39,42,0,9216)(P,73,42,55,0,11087)(P,74,55,53,0,11749)(S,74,53,55,662,12411)(P,72,55,54,662,12641)(S,75,54,44,2221,14200)(S,60,44,14,5628,17607)(P,60,14,44,5628,21014)(P,58,44,43,5628,21680)(S,57,43,41,9370,25422)(P,54,41,34,9370,27955)(P,44,34,32,9370,28501)(P,41,32,33,9370,28921)(P,42,33,30,9370,30294)(P,37,30,10,9370,30792)(P,6,10,9,9370,31074)(P,36,9,255,9370,31711)(P,217,255,150,9370,32188)(P,214,150,126,9370,33030)(S,180,126,127,11090,34750)(P,180,127,126,11090,36470)(P,214,126,150,11090,37312)(P,217,150,255,11090,37789)(P,29,255,7,11090,38780)(P,3,7,6,11090,39601)(P,2,6,5,11090,40157)(P,1,5,1,11090,42017)(D,0,1,1,11090,42017)
1 27 9662 33858 22 (D,0,1,1,0,0)(P,1,1,5,0,1860)(P,2,5,6,0,2416)(P,3,6,7,0,3237)(P,29,7,255,0,4228)(P,217,255,150,0,4705)(P,214,150,126,0,5547)(P,180,126,127,0,7267)(S,181,127,98,3483,10750)(S,140,98,97,3883,11150)(S,136,97,96,5831,13098)(S,135,96,3,9662,16929)(P,135,3,96,9662,20760)(P,136,96,97,9662,22708)(P,140,97,98,9662,23108)(P,181,98,127,9662,26591)(P,180,127,126,9662,28311)(P,214,126,150,9662,29153)(P,217,150,255,9662,29630)(P,29,255,7,9662,30621)(P,3,7,6,9662,31442)(P,2,6,5,9662,31998)(P,1,5,1,9662,33858)(D,0,1,1,9662,33858)
1 28 13942 47721 27 (D,0,1,1,0,0)(P,1,1,5,0,1860)(P,2,5,6,0,2416)(P,3,6,7,0,3237)(P,29,7,255,0,4228)(P,217,255,150,0,4705)(P,214,150,126,0,5547)(P,180,126,127,0,7267)(P,181,127,98,0,10750)(P,140,98,97,0,11150)(P,136,97,96,0,13098)(P,135,96,3,0,16929)(S,134,3,95,5069,21998)(S,132,95,94,7532,24461)(S,129,94,93,8041,24970)(S,128,93,92,8904,25833)(S,127,92,91,9354,26283)(S,126,91,83,12246,29175)(S,115,83,82,12668,29597)(S,114,82,71,13942,30871)(P,98,71,72,13942,32484)(P,99,72,73,13942,35438)(P,103,73,75,13942,36026)(P,104,75,42,13942,38505)(P,55,42,39,13942,42149)(P,51,39,38,13942,44171)(P,349,38,25,13942,44880)(P,348,25,1,13942,47721)(D,0,1,1,13942,47721)
1 29 13068 44980 27 (D,0,1,1,0,0)(P,348,1,25,0,2841)(P,349,25,38,0,3550)(P,51,38,39,0,5572)(P,55,39,42,0,9216)(P,104,42,75,0,11695)(P,103,75,73,0,12283)(P,99,73,72,0,15237)(P,98,72,71,0,16850)(S,95,71,69,563,17413)(S,93,69,68,2344,19194)(S,131,68,94,4414,21264)(S,130,94,92,4807,21657)(P,127,92,91,4807,22107)(S,138,91,99,5569,22869)(S,139,99,98,10006,27306)(P,140,98,97,10006,27706)(S,137,97,93,13068,30768)(P,137,93,97,13068,33830)(P,140,97,98,13068,34230)(P,181,98,127,13068,37713)(P,180,127,126,13068,39433)(P,214,126,150,13068,40275)(P,217,150,255,13068,40752)(P,29,255,7,13068,41743)(P,3,7,6,13068,42564)(P,2,6,5,13068,43120)(P,1,5,1,13068,44980)(D,0,1,1,13068,44980)
1 30 12277 53663 39 (D,0,1,1,0,0)(P,1,1,5,0,1860)(P,2,5,6,0,2416)(P,3,6,7,0,3237)(P,29,7,255,0,4228)(P,217,255,150,0,4705)(P,215,150,125,0,5586)(P,178,125,124,0,7072)(P,177,124,123,0,7614)(P,175,123,116,0,12143)(P,165,116,115,0,12447)(P,164,115,99,0,14418)(S,163,99,112,2533,16951)(P,163,112,99,2533,19484)(P,138,99,91,2533,20246)(P,127,91,92,2533,20696)(P,130,92,94,2533,21089)(P,131,94,68,2533,23159)(S,133,68,95,3923,24549)(P,133,95,68,3923,25939)(P,93,68,69,3923,27720)(S,94,69,70,5024,28821)(S,96,70,71,6008,29805)(S,98,71,72,7621,31418)(P,112,72,81,7621,31701)(S,113,81,82,9346,33426)(P,114,82,71,9346,34700)(P,96,71,70,9346,35684)(S,97,70,63,12277,38615)(P,86,63,62,12277,40284)(P,85,62,61,12277,40660)(P,84,61,57,12277,41028)(P,77,57,56,12277,41369)(P,76,56,53,12277,41914)(P,74,53,55,12277,42576)(P,73,55,42,12277,44447)(P,55,42,39,12277,48091)(P,51,39,38,12277,50113)(P,349,38,25,12277,50822)(P,348,25,1,12277,53663)(D,0,1,1,12277,53663)
1 31 14073 40405 36 (D,0,1,1,0,0)(P,1,1,5,0,1860)(P,2,5,6,0,2416)(P,3,6,7,0,3237)(P,29,7,255,0,4228)(P,217,255,150,0,4705)(P,214,150,126,0,5547)(P,180,126,127,0,7267)(P,181,127,98,0,10750)(P,140,98,97,0,11150)(P,136,97,96,0,13098)(S,141,96,100,3661,16759)(S,142,100,2,5223,18321)(P,142,2,100,5223,19883)(S,186,100,131,5729,20389)(S,185,131,130,7962,22622)(S,184,130,129,8670,23330)(S,183,129,128,8974,23634)(S,182,128,127,9878,24538)(P,182,127,128,9878,25442)(S,198,128,139,10467,26031)(S,196,139,138,10718,26282)(S,195,138,137,10942,26506)(S,193,137,136,12320,27884)(S,192,136,135,14073,29637)(P,192,135,136,14073,31390)(P,193,136,137,14073,32768)(P,195,137,138,14073,32992)(P,196,138,139,14073,33243)(P,199,139,140,14073,34015)(P,200,140,141,14073,35153)(P,213,141,150,14073,35700)(P,217,150,255,14073,36177)(P,29,255,7,14073,37168)(P,3,7,6,14073,37989)(P,2,6,5,14073,38545)(P,1,5,1,14073,40405)(D,0,1,1,14073,40405)
1 32 8054 33277 30 (D,0,1,1,0,0)(P,1,1,5,0,1860)(P,2,5,6,0,2416)(P,3,6,7,0,3237)(P,29,7,255,0,4228)(P,217,255,150,0,4705)(P,213,150,141,0,5252)(P,200,141,140,0,6390)(P,199,140,139,0,7162)(P,196,139,138,0,7413)(P,195,138,137,0,7637)(P,193,137,136,0,9015)(P,192,136,135,0,10768)(S,209,135,147,1406,12174)(S,208,147,146,3218,13986)(S,206,146,145,6603,17371)(S,205,145,143,8054,18822)(P,205,143,145,8054,20273)(P,206,145,146,8054,23658)(P,207,146,136,8054,24262)(P,193,136,137,8054,25640)(P,195,137,138,8054,25864)(P,196,138,139,8054,26115)(P,199,139,140,8054,26887)(P,200,140,141,8054,28025)(P,213,141,150,8054,28572)(P,217,150,255,8054,29049)(P,29,255,7,8054,30040)(P,3,7,6,8054,30861)(P,2,6,5,8054,31417)(P,1,5,1,8054,33277)(D,0,1,1,8054,33277)
1 33 13921 45976 41 (D,0,1,1,0,0)(P,1,1,5,0,1860)(P,2,5,6,0,2416)(P,3,6,7,0,3237)(P,29,7,255,0,4228)(P,217,255,150,0,4705)(P,213,150,141,0,5252)(P,200,141,140,0,6390)(P,199,140,139,0,7162)(P,196,139,138,0,7413)(P,195,138,137,0,7637)(P,193,137,136,0,9015)(P,207,136,146,0,9619)(P,206,146,145,0,13004)(P,205,145,143,0,14455)(S,203,143,142,9647,24102)(S,201,142,140,10041,24496)(S,199,140,139,10813,25268)(P,196,139,138,10813,25519)(S,197,138,129,11237,25943)(P,197,129,138,11237,26367)(P,195,138,137,11237,26591)(S,194,137,130,11784,27138)(P,194,130,137,11784,27685)(P,193,137,136,11784,29063)(S,207,136,146,12388,29667)(P,208,146,147,12388,31479)(S,210,147,148,13921,33012)(P,210,148,147,13921,34545)(P,208,147,146,13921,36357)(P,207,146,136,13921,36961)(P,193,136,137,13921,38339)(P,195,137,138,13921,38563)(P,196,138,139,13921,38814)(P,199,139,140,13921,39586)(P,200,140,141,13921,40724)(P,213,141,150,13921,41271)(P,217,150,255,13921,41748)(P,29,255,7,13921,42739)(P,3,7,6,13921,43560)(P,2,6,5,13921,44116)(P,1,5,1,13921,45976)(D,0,1,1,13921,45976)
1 34 13835 65242 56 (D,0,1,1,0,0)(P,1,1,5,0,1860)(P,2,5,6,0,2416)(P,3,6,7,0,3237)(P,29,7,255,0,4228)(P,217,255,150,0,4705)(P,213,150,141,0,5252)(P,200,141,140,0,6390)(P,199,140,139,0,7162)(P,196,139,138,0,7413)(P,195,138,137,0,7637)(P,193,137,136,0,9015)(P,207,136,146,0,9619)(P,208,146,147,0,11431)(P,210,147,148,0,12964)(S,211,148,149,697,13661)(P,211,149,148,697,14358)(S,212,148,145,1493,15154)(P,205,145,143,1493,16605)(S,204,143,144,4196,19308)(P,204,144,143,4196,22011)(P,205,143,145,4196,23462)(P,212,145,148,4196,24258)(P,210,148,147,4196,25791)(P,209,147,135,4196,27197)(S,191,135,133,5784,28785)(S,189,133,132,7850,30851)(S,187,132,100,8422,31423)(P,186,100,131,8422,31929)(S,188,131,132,8727,32234)(P,189,132,133,8727,34300)(S,190,133,134,8999,34572)(P,190,134,133,8999,34844)(P,191,133,135,8999,36432)(P,192,135,136,8999,38185)(P,193,136,137,8999,39563)(P,195,137,138,8999,39787)(P,196,138,139,8999,40038)(P,199,139,140,8999,40810)(P,200,140,141,8999,41948)(P,213,141,150,8999,42495)(P,217,150,255,8999,42972)(P,320,255,233,8999,43326)(P,318,233,232,8999,47419)(S,317,232,231,10411,48831)(S,315,231,230,10737,49157)(S,314,230,229,11155,49575)(S,313,229,223,13835,52255)(P,313,223,229,13835,54935)(P,316,229,231,13835,55155)(P,317,231,232,13835,56567)(P,318,232,233,13835,60660)(P,320,233,255,13835,61014)(P,29,255,7,13835,62005)(P,3,7,6,13835,62826)(P,2,6,5,13835,63382)(P,1,5,1,13835,65242)(D,0,1,1,13835,65242)
1 35 13100 44795 30 (D,0,1,1,0,0)(P,1,1,5,0,1860)(P,2,5,6,0,2416)(P,3,6,7,0,3237)(P,29,7,255,0,4228)(P,320,255,233,0,4582)(P,318,233,232,0,8675)(P,317,232,231,0,10087)(P,316,231,229,0,10307)(P,313,229,223,0,12987)(S,310,223,225,1070,14057)(S,308,225,224,1615,14602)(S,309,224,226,2360,15347)(P,309,226,224,2360,16092)(P,308,224,225,2360,16637)(P,370,225,222,2360,17568)(S,347,222,247,5217,20425)(S,339,247,246,7897,23105)(S,337,246,245,13100,28308)(P,341,245,248,13100,31212)(P,342,248,249,13100,31836)(P,344,249,250,13100,33676)(P,346,250,229,13100,34488)(P,316,229,231,13100,34708)(P,317,231,232,13100,36120)(P,318,232,233,13100,40213)(P,320,233,255,13100,40567)(P,29,255,7,13100,41558)(P,3,7,6,13100,42379)(P,2,6,5,13100,42935)(P,1,5,1,13100,44795)(D,0,1,1,13100,44795)
1 36 13079 42117 30 (D,0,1,1,0,0)(P,1,1,5,0,1860)(P,2,5,6,0,2416)(P,3,6,7,0,3237)(P,29,7,255,0,4228)(P,320,255,233,0,4582)(P,318,233,232,0,8675)(P,317,232,231,0,10087)(P,316,231,229,0,10307)(P,346,229,250,0,11119)(P,344,250,249,0,12959)(P,342,249,248,0,13583)(P,341,248,245,0,16487)(S,334,245,243,1752,18239)(S,331,243,242,3442,19929)(S,329,242,241,4690,21177)(S,332,241,243,5907,22394)(S,333,243,244,7487,23974)(S,335,244,245,8107,24594)(S,341,245,248,11011,27498)(S,340,248,247,13079,29566)(P,345,247,250,13079,30998)(P,346,250,229,13079,31810)(P,316,229,231,13079,32030)(P,317,231,232,13079,33442)(P,318,232,233,13079,37535)(P,320,233,255,13079,37889)(P,29,255,7,13079,38880)(P,3,7,6,13079,39701)(P,2,6,5,13079,40257)(P,1,5,1,13079,42117)(D,0,1,1,13079,42117)
1 37 11893 43599 35 (D,0,1,1,0,0)(P,1,1,5,0,1860)(P,2,5,6,0,2416)(P,3,6,7,0,3237)(P,29,7,255,0,4228)(P,320,255,233,0,4582)(P,318,233,232,0,8675)(P,317,232,231,0,10087)(P,316,231,229,0,10307)(P,346,229,250,0,11119)(P,345,250,247,0,12551)(S,345,247,250,1432,13983)(S,344,250,249,3272,15823)(S,342,249,248,3896,16447)(P,342,248,249,3896,17071)(S,343,249,240,4772,17947)(P,371,240,235,4772,20152)(S,328,235,239,6198,21578)(S,327,239,238,7275,22655)(S,326,238,193,8176,23556)(P,363,193,192,8176,24138)(S,330,192,242,8579,24541)(P,330,242,192,8579,24944)(P,363,192,193,8579,25526)(P,326,193,238,8579,26427)(S,325,238,236,10248,28096)(S,323,236,235,11893,29741)(P,322,235,230,11893,33186)(P,315,230,231,11893,33512)(P,317,231,232,11893,34924)(P,318,232,233,11893,39017)(P,320,233,255,11893,39371)(P,29,255,7,11893,40362)(P,3,7,6,11893,41183)(P,2,6,5,11893,41739)(P,1,5,1,11893,43599)(D,0,1,1,11893,43599)
1 38 13477 53270 34 (D,0,1,1,0,0)(P,1,1,5,0,1860)(P,2,5,6,0,2416)(P,3,6,7,0,3237)(P,29,7,255,0,4228)(P,320,255,233,0,4582)(P,318,233,232,0,8675)(P,317,232,231,0,10087)(P,315,231,230,0,10413)(P,322,230,235,0,13858)(S,322,235,230,3445,17303)(P,315,230,231,3445,17629)(S,316,231,229,3665,17849)(S,346,229,250,4477,18661)(P,346,250,229,4477,19473)(P,313,229,223,4477,22153)(S,311,223,227,5610,23286)(S,312,227,228,8810,26486)(P,312,228,227,8810,29686)(P,311,227,223,8810,30819)(P,368,223,222,8810,31514)(P,367,222,221,8810,32046)(S,307,221,215,13477,36713)(P,338,215,246,13477,38039)(P,339,246,247,13477,40719)(P,345,247,250,13477,42151)(P,346,250,229,13477,42963)(P,316,229,231,13477,43183)(P,317,231,232,13477,44595)(P,318,232,233,13477,48688)(P,320,233,255,13477,49042)(P,29,255,7,13477,50033)(P,3,7,6,13477,50854)(P,2,6,5,13477,51410)(P,1,5,1,13477,53270)(D,0,1,1,13477,53270)
1 39 13276 51484 35 (D,0,1,1,0,0)(P,1,1,5,0,1860)(P,2,5,6,0,2416)(P,3,6,7,0,3237)(P,29,7,255,0,4228)(P,320,255,233,0,4582)(P,318,233,232,0,8675)(P,317,232,231,0,10087)(P,316,231,229,0,10307)(P,346,229,250,0,11119)(P,345,250,247,0,12551)(P,339,247,246,0,15231)(P,338,246,215,0,16557)(S,300,215,213,1561,18118)(S,298,213,206,3261,19818)(S,291,206,205,5750,22307)(S,289,205,204,8013,24570)(S,286,204,203,10795,27352)(S,285,203,202,12339,28896)(S,283,202,200,13276,29833)(P,282,200,201,13276,30783)(P,290,201,206,13276,31666)(P,298,206,213,13276,33366)(P,300,213,215,13276,34927)(P,338,215,246,13276,36253)(P,339,246,247,13276,38933)(P,345,247,250,13276,40365)(P,346,250,229,13276,41177)(P,316,229,231,13276,41397)(P,317,231,232,13276,42809)(P,318,232,233,13276,46902)(P,320,233,255,13276,47256)(P,29,255,7,13276,48247)(P,3,7,6,13276,49068)(P,2,6,5,13276,49624)(P,1,5,1,13276,51484)(D,0,1,1,13276,51484)
1 40 11691 57346 45 (D,0,1,1,0,0)(P,1,1,5,0,1860)(P,2,5,6,0,2416)(P,3,6,7,0,3237)(P,29,7,255,0,4228)(P,320,255,233,0,4582)(P,318,233,232,0,8675)(P,317,232,231,0,10087)(P,316,231,229,0,10307)(P,346,229,250,0,11119)(P,345,250,247,0,12551)(P,339,247,246,0,15231)(P,338,246,215,0,16557)(P,300,215,213,0,18118)(P,298,213,206,0,19818)(P,290,206,201,0,20701)(P,282,201,200,0,21651)(S,281,200,199,2518,24169)(S,279,199,198,5758,27409)(S,277,198,197,6067,27718)(S,275,197,195,6368,28019)(S,273,195,194,6744,28395)(S,272,194,190,9995,31646)(P,272,190,194,9995,34897)(S,336,194,244,11193,36095)(P,336,244,194,11193,37293)(P,273,194,195,11193,37669)(S,274,195,196,11485,37961)(S,278,196,198,11691,38167)(P,278,198,196,11691,38373)(P,274,196,195,11691,38665)(P,273,195,194,11691,39041)(P,336,194,244,11691,40239)(P,335,244,245,11691,40859)(P,341,245,248,11691,43763)(P,342,248,249,11691,44387)(P,344,249,250,11691,46227)(P,346,250,229,11691,47039)(P,316,229,231,11691,47259)(P,317,231,232,11691,48671)(P,318,232,233,11691,52764)(P,320,233,255,11691,53118)(P,29,255,7,11691,54109)(P,3,7,6,11691,54930)(P,2,6,5,11691,55486)(P,1,5,1,11691,57346)(D,0,1,1,11691,57346)
