The random seed is 1592065421.
There are 255 vertices, 375 tasks, and the capacities of vehicles is 14700.

The max number of idle iteration of generating individual: 1000
Beta: 0.900000
The max iteration of k-means: 200
The algorithm stop at the 1389th iteration
The algorith took 767435 clicks (767.435000 seconds).
The best searched solution with total cost 2383710 :
1 1 14160 19408 27 (D,0,1,1,0,0)(S,1,1,5,1860,1860)(S,2,5,6,2416,2416)(S,3,6,7,3237,3237)(S,17,7,19,3740,3740)(S,16,19,18,4457,4457)(S,14,18,17,4775,4775)(S,13,17,16,4996,4996)(S,12,16,5,5386,5386)(P,12,5,16,5386,5776)(S,18,16,20,6346,6736)(S,19,20,21,7015,7405)(S,20,21,19,7475,7865)(P,20,19,21,7475,8325)(S,23,21,23,8460,9310)(S,22,23,22,8923,9773)(S,21,22,20,9442,10292)(P,21,20,22,9442,10811)(S,24,22,24,9970,11339)(S,25,24,23,10449,11818)(S,32,23,28,11920,13289)(S,33,28,27,12510,13879)(S,31,27,26,13479,14848)(S,28,26,21,14160,15529)(P,19,21,20,14160,16198)(P,18,20,16,14160,17158)(P,12,16,5,14160,17548)(P,1,5,1,14160,19408)(D,0,1,1,14160,19408)
1 2 12825 33971 28 (D,0,1,1,0,0)(P,1,1,5,0,1860)(P,12,5,16,0,2250)(P,18,16,20,0,3210)(P,19,20,21,0,3879)(P,28,21,26,0,4560)(S,29,26,8,1063,5623)(P,4,8,7,1063,6229)(P,3,7,6,1063,7050)(S,15,6,18,1492,7479)(P,14,18,17,1492,7797)(P,13,17,16,1492,8018)(P,18,16,20,1492,8978)(P,21,20,22,1492,9497)(P,24,22,24,1492,10025)(S,26,24,25,3053,11586)(S,27,25,1,5894,14427)(P,27,1,25,5894,17268)(S,52,25,38,6603,17977)(S,53,38,39,8625,19999)(S,54,39,40,9372,20746)(S,112,40,77,10394,21768)(P,112,77,40,10394,22790)(P,54,40,39,10394,23537)(S,55,39,41,12825,25968)(P,55,41,39,12825,28399)(P,53,39,38,12825,30421)(P,52,38,25,12825,31130)(P,27,25,1,12825,33971)(D,0,1,1,12825,33971)
1 3 13318 37847 23 (D,0,1,1,0,0)(P,27,1,25,0,2841)(P,52,25,38,0,3550)(P,53,38,39,0,5572)(S,57,39,42,3644,9216)(S,58,42,43,4249,9821)(S,60,43,44,4915,10487)(S,61,44,37,9982,15554)(P,51,37,13,9982,15780)(P,10,13,14,9982,19137)(S,11,14,15,11904,21059)(S,63,15,45,13318,22473)(P,63,45,15,13318,23887)(P,11,15,14,13318,25809)(P,10,14,13,13318,29166)(P,9,13,12,13318,29757)(P,8,12,11,13318,30866)(P,7,11,10,13318,32700)(P,6,10,9,13318,32982)(P,37,9,255,13318,33619)(P,30,255,7,13318,34610)(P,3,7,6,13318,35431)(P,2,6,5,13318,35987)(P,1,5,1,13318,37847)(D,0,1,1,13318,37847)
1 4 14698 44325 35 (D,0,1,1,0,0)(P,1,1,5,0,1860)(P,2,5,6,0,2416)(P,3,6,7,0,3237)(P,30,7,255,0,4228)(P,37,255,9,0,4865)(P,6,9,10,0,5147)(P,7,10,11,0,6981)(P,8,11,12,0,8090)(P,9,12,13,0,8681)(P,10,13,14,0,12038)(P,11,14,15,0,13960)(P,63,15,45,0,15374)(S,64,45,46,2781,18155)(S,65,46,47,3625,18999)(P,65,47,46,3625,19843)(S,66,46,48,4399,20617)(S,67,48,49,4952,21170)(S,68,49,46,6183,22401)(P,66,46,48,6183,23175)(S,94,48,4,7057,24049)(S,92,4,66,9619,26611)(S,91,66,65,11951,28943)(S,90,65,64,12471,29463)(S,89,64,60,13594,30586)(S,84,60,59,13952,30944)(S,82,59,58,14276,31268)(S,80,58,57,14698,31690)(P,79,57,56,14698,32031)(P,78,56,53,14698,32576)(P,76,53,55,14698,33238)(P,75,55,42,14698,35109)(P,57,42,39,14698,38753)(P,53,39,38,14698,40775)(P,52,38,25,14698,41484)(P,27,25,1,14698,44325)(D,0,1,1,14698,44325)
1 5 12071 46041 30 (D,0,1,1,0,0)(P,27,1,25,0,2841)(P,52,25,38,0,3550)(P,53,38,39,0,5572)(P,57,39,42,0,9216)(P,75,42,55,0,11087)(P,76,55,53,0,11749)(P,78,53,56,0,12294)(P,79,56,57,0,12635)(S,79,57,56,341,12976)(S,78,56,53,886,13521)(S,72,53,52,2140,14775)(S,71,52,51,3330,15965)(S,70,51,50,4816,17451)(S,69,50,49,5857,18492)(P,69,49,50,5857,19533)(S,93,50,4,8048,21724)(P,92,4,66,8048,24286)(S,96,66,67,12071,28309)(P,95,67,64,12071,31610)(P,89,64,60,12071,32733)(P,84,60,59,12071,33091)(P,82,59,58,12071,33415)(P,81,58,56,12071,33747)(P,78,56,53,12071,34292)(P,76,53,55,12071,34954)(P,75,55,42,12071,36825)(P,57,42,39,12071,40469)(P,53,39,38,12071,42491)(P,52,38,25,12071,43200)(P,27,25,1,12071,46041)(D,0,1,1,12071,46041)
1 6 13437 50938 38 (D,0,1,1,0,0)(P,27,1,25,0,2841)(P,52,25,38,0,3550)(P,53,38,39,0,5572)(P,57,39,42,0,9216)(P,75,42,55,0,11087)(P,76,55,53,0,11749)(P,78,53,56,0,12294)(P,81,56,58,0,12626)(P,82,58,59,0,12950)(P,84,59,60,0,13308)(P,89,60,64,0,14431)(P,95,64,67,0,17732)(S,95,67,64,3301,21033)(P,89,64,60,3301,22156)(S,85,60,51,4377,23232)(P,71,51,52,4377,24422)(S,83,52,59,4879,24924)(P,82,59,58,4879,25248)(S,81,58,56,5211,25580)(P,79,56,57,5211,25921)(S,86,57,61,5579,26289)(S,87,61,62,5955,26665)(S,88,62,63,7624,28334)(S,102,63,70,10555,31265)(S,99,70,69,11656,32366)(S,98,69,68,13437,34147)(P,136,68,94,13437,36217)(P,134,94,93,13437,36726)(P,142,93,97,13437,39788)(P,145,97,98,13437,40188)(P,186,98,127,13437,43671)(P,185,127,126,13437,45391)(P,219,126,150,13437,46233)(P,222,150,255,13437,46710)(P,30,255,7,13437,47701)(P,3,7,6,13437,48522)(P,2,6,5,13437,49078)(P,1,5,1,13437,50938)(D,0,1,1,13437,50938)
1 7 12573 49505 30 (D,0,1,1,0,0)(P,1,1,5,0,1860)(P,2,5,6,0,2416)(P,3,6,7,0,3237)(P,30,7,255,0,4228)(P,222,255,150,0,4705)(P,219,150,126,0,5547)(P,185,126,127,0,7267)(P,186,127,98,0,10750)(P,145,98,97,0,11150)(P,142,97,93,0,14212)(P,134,93,94,0,14721)(P,136,94,68,0,16791)(S,97,68,67,4409,21200)(P,97,67,68,4409,25609)(S,136,68,94,6479,27679)(S,135,94,92,6872,28072)(S,132,92,91,7322,28522)(S,131,91,83,10214,31414)(S,120,83,82,10636,31836)(S,118,82,81,12361,33561)(S,116,81,80,12573,33773)(P,116,80,81,12573,33985)(P,117,81,72,12573,34268)(P,104,72,73,12573,37222)(P,108,73,75,12573,37810)(P,109,75,42,12573,40289)(P,57,42,39,12573,43933)(P,53,39,38,12573,45955)(P,52,38,25,12573,46664)(P,27,25,1,12573,49505)(D,0,1,1,12573,49505)
1 8 12543 40558 20 (D,0,1,1,0,0)(P,27,1,25,0,2841)(P,52,25,38,0,3550)(P,53,38,39,0,5572)(P,57,39,42,0,9216)(P,109,42,75,0,11695)(P,108,75,73,0,12283)(P,104,73,72,0,15237)(P,117,72,81,0,15520)(P,116,81,80,0,15732)(S,115,80,78,4719,20451)(S,113,78,76,8176,23908)(S,110,76,75,11423,27155)(S,107,75,74,11966,27698)(S,105,74,73,12543,28275)(P,108,73,75,12543,28863)(P,109,75,42,12543,31342)(P,57,42,39,12543,34986)(P,53,39,38,12543,37008)(P,52,38,25,12543,37717)(P,27,25,1,12543,40558)(D,0,1,1,12543,40558)
1 9 14499 47900 32 (D,0,1,1,0,0)(P,27,1,25,0,2841)(P,52,25,38,0,3550)(P,53,38,39,0,5572)(P,57,39,42,0,9216)(P,109,42,75,0,11695)(P,108,75,73,0,12283)(S,104,73,72,2954,15237)(S,103,72,71,4567,16850)(S,100,71,69,5130,17413)(P,100,69,71,5130,17976)(S,101,71,70,6114,18960)(P,101,70,71,6114,19944)(S,119,71,82,7388,21218)(P,120,82,83,7388,21640)(S,121,83,84,9059,23311)(S,122,84,80,10353,24605)(P,116,80,81,10353,24817)(S,117,81,72,10636,25100)(P,117,72,81,10636,25383)(P,116,81,80,10636,25595)(P,122,80,84,10636,26889)(S,123,84,85,13020,29273)(P,123,85,84,13020,31657)(S,125,84,87,14499,33136)(P,126,87,86,14499,34177)(P,127,86,88,14499,42187)(P,128,88,89,14499,42789)(P,130,89,255,14499,43672)(P,30,255,7,14499,44663)(P,3,7,6,14499,45484)(P,2,6,5,14499,46040)(P,1,5,1,14499,47900)(D,0,1,1,14499,47900)
1 10 13377 66308 38 (D,0,1,1,0,0)(P,1,1,5,0,1860)(P,2,5,6,0,2416)(P,3,6,7,0,3237)(P,30,7,255,0,4228)(P,130,255,89,0,5111)(P,128,89,88,0,5713)(P,127,88,86,0,13723)(P,126,86,87,0,14764)(S,148,87,101,1423,16187)(S,149,101,102,2138,16902)(S,150,102,103,2710,17474)(S,161,103,111,2922,17686)(S,160,111,102,3358,18122)(P,149,102,101,3358,18837)(P,162,101,112,3358,22044)(P,168,112,99,3358,24577)(P,143,99,91,3358,25339)(P,132,91,92,3358,25789)(P,135,92,94,3358,26182)(S,137,94,95,5821,28645)(S,138,95,68,7211,30035)(P,138,68,95,7211,31425)(S,139,95,3,12280,36494)(P,139,3,95,12280,41563)(P,137,95,94,12280,44026)(S,134,94,93,12789,44535)(P,134,93,94,12789,45044)(P,136,94,68,12789,47114)(P,98,68,69,12789,48895)(P,100,69,71,12789,49458)(P,103,71,72,12789,51071)(P,104,72,73,12789,54025)(S,108,73,75,13377,54613)(P,109,75,42,13377,57092)(P,57,42,39,13377,60736)(P,53,39,38,13377,62758)(P,52,38,25,13377,63467)(P,27,25,1,13377,66308)(D,0,1,1,13377,66308)
1 11 14418 38419 20 (D,0,1,1,0,0)(P,27,1,25,0,2841)(P,52,25,38,0,3550)(P,53,38,39,0,5572)(P,57,39,42,0,9216)(P,109,42,75,0,11695)(S,109,75,42,2479,14174)(S,75,42,55,4350,16045)(S,74,55,54,4580,16275)(S,73,54,53,5048,16743)(S,76,53,55,5710,17405)(P,74,55,54,5710,17635)(S,77,54,44,7269,19194)(S,62,44,14,10676,22601)(P,62,14,44,10676,26008)(P,60,44,43,10676,26674)(S,59,43,41,14418,30416)(P,55,41,39,14418,32847)(P,53,39,38,14418,34869)(P,52,38,25,14418,35578)(P,27,25,1,14418,38419)(D,0,1,1,14418,38419)
1 12 10734 50011 41 (D,0,1,1,0,0)(P,27,1,25,0,2841)(P,52,25,38,0,3550)(P,53,38,39,0,5572)(P,54,39,40,0,6319)(P,112,40,77,0,7341)(S,111,77,76,1169,8510)(P,113,76,78,1169,11967)(S,114,78,79,1511,12309)(P,114,79,78,1511,12651)(P,113,78,76,1511,16108)(P,110,76,75,1511,19355)(P,107,75,74,1511,19898)(S,106,74,62,4820,23207)(P,87,62,61,4820,23583)(P,86,61,57,4820,23951)(P,79,57,56,4820,24292)(P,78,56,53,4820,24837)(P,73,53,54,4820,25305)(P,77,54,44,4820,26864)(P,61,44,37,4820,31931)(P,50,37,35,4820,32825)(P,47,35,36,4820,33188)(P,48,36,33,4820,33612)(P,43,33,30,4820,34985)(P,38,30,10,4820,35483)(P,6,10,9,4820,35765)(P,37,9,255,4820,36402)(P,30,255,7,4820,37393)(S,30,7,255,5811,38384)(S,37,255,9,6448,39021)(S,5,9,8,8643,41216)(S,4,8,7,9249,41822)(P,30,7,255,9249,42813)(S,130,255,89,10132,43696)(S,128,89,88,10734,44298)(P,128,88,89,10734,44900)(P,130,89,255,10734,45783)(P,30,255,7,10734,46774)(P,3,7,6,10734,47595)(P,2,6,5,10734,48151)(P,1,5,1,10734,50011)(D,0,1,1,10734,50011)
1 13 14445 37966 24 (D,0,1,1,0,0)(P,1,1,5,0,1860)(P,2,5,6,0,2416)(P,3,6,7,0,3237)(P,30,7,255,0,4228)(P,130,255,89,0,5111)(P,128,89,88,0,5713)(S,127,88,86,8010,13723)(S,124,86,85,9617,15330)(P,124,85,86,9617,16937)(S,126,86,87,10658,17978)(P,148,87,101,10658,19401)(S,162,101,112,13865,22608)(S,163,112,113,14445,23188)(P,167,113,115,14445,25519)(P,170,115,116,14445,25823)(P,180,116,123,14445,30352)(P,182,123,124,14445,30894)(P,183,124,125,14445,32380)(P,220,125,150,14445,33261)(P,222,150,255,14445,33738)(P,30,255,7,14445,34729)(P,3,7,6,14445,35550)(P,2,6,5,14445,36106)(P,1,5,1,14445,37966)(D,0,1,1,14445,37966)
1 14 14403 47183 36 (D,0,1,1,0,0)(P,1,1,5,0,1860)(P,2,5,6,0,2416)(P,3,6,7,0,3237)(P,30,7,255,0,4228)(P,222,255,150,0,4705)(P,220,150,125,0,5586)(P,183,125,124,0,7072)(P,182,124,123,0,7614)(P,180,123,116,0,12143)(P,170,116,115,0,12447)(P,167,115,113,0,14778)(S,164,113,114,1204,15982)(S,165,114,111,3218,17996)(P,161,111,103,3218,18208)(S,151,103,104,5899,20889)(S,152,104,105,7197,22187)(S,153,105,106,8648,23638)(S,156,106,108,9278,24268)(S,155,108,107,9775,24765)(S,154,107,105,10757,25747)(P,154,105,107,10757,26729)(S,158,107,109,11835,27807)(S,157,109,108,13103,29075)(P,156,108,106,13103,29705)(S,172,106,118,14403,31005)(P,173,118,117,14403,33284)(P,177,117,121,14403,36441)(P,178,121,122,14403,39201)(P,181,122,124,14403,40111)(P,183,124,125,14403,41597)(P,220,125,150,14403,42478)(P,222,150,255,14403,42955)(P,30,255,7,14403,43946)(P,3,7,6,14403,44767)(P,2,6,5,14403,45323)(P,1,5,1,14403,47183)(D,0,1,1,14403,47183)
1 15 14414 43619 28 (D,0,1,1,0,0)(P,1,1,5,0,1860)(P,2,5,6,0,2416)(P,3,6,7,0,3237)(P,30,7,255,0,4228)(P,222,255,150,0,4705)(P,220,150,125,0,5586)(P,183,125,124,0,7072)(P,181,124,122,0,7982)(P,178,122,121,0,10742)(P,177,121,117,0,13899)(P,173,117,118,0,16178)(S,173,118,117,2279,18457)(S,171,117,116,7275,23453)(S,170,116,115,7579,23757)(S,167,115,113,9910,26088)(P,163,113,112,9910,26668)(S,168,112,99,12443,29201)(S,169,99,115,14414,31172)(P,170,115,116,14414,31476)(P,180,116,123,14414,36005)(P,182,123,124,14414,36547)(P,183,124,125,14414,38033)(P,220,125,150,14414,38914)(P,222,150,255,14414,39391)(P,30,255,7,14414,40382)(P,3,7,6,14414,41203)(P,2,6,5,14414,41759)(P,1,5,1,14414,43619)(D,0,1,1,14414,43619)
1 16 11980 38713 25 (D,0,1,1,0,0)(P,1,1,5,0,1860)(P,2,5,6,0,2416)(P,3,6,7,0,3237)(P,30,7,255,0,4228)(P,222,255,150,0,4705)(P,220,150,125,0,5586)(P,183,125,124,0,7072)(P,182,124,123,0,7614)(P,180,123,116,0,12143)(S,180,116,123,4529,16672)(S,179,123,122,5372,17515)(S,178,122,121,8132,20275)(S,177,121,117,11289,23432)(S,175,117,119,11980,24123)(P,175,119,117,11980,24814)(P,177,117,121,11980,27971)(P,178,121,122,11980,30731)(P,181,122,124,11980,31641)(P,183,124,125,11980,33127)(P,220,125,150,11980,34008)(P,222,150,255,11980,34485)(P,30,255,7,11980,35476)(P,3,7,6,11980,36297)(P,2,6,5,11980,36853)(P,1,5,1,11980,38713)(D,0,1,1,11980,38713)
1 17 13447 41308 26 (D,0,1,1,0,0)(P,1,1,5,0,1860)(P,2,5,6,0,2416)(P,3,6,7,0,3237)(P,30,7,255,0,4228)(P,222,255,150,0,4705)(P,220,150,125,0,5586)(P,183,125,124,0,7072)(P,181,124,122,0,7982)(P,178,122,121,0,10742)(P,177,121,117,0,13899)(P,175,117,119,0,14590)(S,174,119,118,3922,18512)(P,173,118,117,3922,20791)(P,175,117,119,3922,21482)(S,176,119,120,10982,28542)(S,239,120,162,11510,29070)(S,238,162,156,13447,31007)(P,230,156,155,13447,33127)(P,228,155,152,13447,35503)(P,223,152,151,13447,36239)(P,221,151,150,13447,36603)(P,222,150,255,13447,37080)(P,30,255,7,13447,38071)(P,3,7,6,13447,38892)(P,2,6,5,13447,39448)(P,1,5,1,13447,41308)(D,0,1,1,13447,41308)
1 18 13247 35904 34 (D,0,1,1,0,0)(P,1,1,5,0,1860)(P,2,5,6,0,2416)(P,3,6,7,0,3237)(P,30,7,255,0,4228)(P,222,255,150,0,4705)(P,221,150,151,0,5069)(P,223,151,152,0,5805)(P,228,152,155,0,8181)(P,230,155,156,0,10301)(S,230,156,155,2120,12421)(S,228,155,152,4496,14797)(S,223,152,151,5232,15533)(S,221,151,150,5596,15897)(S,218,150,141,6143,16444)(S,205,141,140,7281,17582)(S,204,140,139,8053,18354)(S,201,139,138,8304,18605)(S,200,138,137,8528,18829)(S,198,137,136,9906,20207)(S,197,136,135,11659,21960)(S,196,135,133,13247,23548)(P,196,133,135,13247,25136)(P,197,135,136,13247,26889)(P,198,136,137,13247,28267)(P,200,137,138,13247,28491)(P,201,138,139,13247,28742)(P,204,139,140,13247,29514)(P,205,140,141,13247,30652)(P,218,141,150,13247,31199)(P,222,150,255,13247,31676)(P,30,255,7,13247,32667)(P,3,7,6,13247,33488)(P,2,6,5,13247,34044)(P,1,5,1,13247,35904)(D,0,1,1,13247,35904)
1 19 12078 39415 28 (D,0,1,1,0,0)(P,1,1,5,0,1860)(P,2,5,6,0,2416)(P,3,6,7,0,3237)(P,30,7,255,0,4228)(P,222,255,150,0,4705)(P,218,150,141,0,5252)(P,205,141,140,0,6390)(P,204,140,139,0,7162)(P,201,139,138,0,7413)(P,200,138,137,0,7637)(P,198,137,136,0,9015)(P,197,136,135,0,10768)(P,196,135,133,0,12356)(S,194,133,132,2066,14422)(S,192,132,100,2638,14994)(S,146,100,96,6299,18655)(S,140,96,3,10130,22486)(P,140,3,96,10130,26317)(S,141,96,97,12078,28265)(P,145,97,98,12078,28665)(P,186,98,127,12078,32148)(P,185,127,126,12078,33868)(P,219,126,150,12078,34710)(P,222,150,255,12078,35187)(P,30,255,7,12078,36178)(P,3,7,6,12078,36999)(P,2,6,5,12078,37555)(P,1,5,1,12078,39415)(D,0,1,1,12078,39415)
1 20 13007 32274 24 (D,0,1,1,0,0)(P,1,1,5,0,1860)(P,2,5,6,0,2416)(P,3,6,7,0,3237)(P,30,7,255,0,4228)(P,222,255,150,0,4705)(P,219,150,126,0,5547)(P,185,126,127,0,7267)(P,186,127,98,0,10750)(P,145,98,97,0,11150)(S,142,97,93,3062,14212)(S,133,93,92,3925,15075)(P,132,92,91,3925,15525)(S,143,91,99,4687,16287)(S,144,99,98,9124,20724)(S,145,98,97,9524,21124)(P,145,97,98,9524,21524)(S,186,98,127,13007,25007)(P,185,127,126,13007,26727)(P,219,126,150,13007,27569)(P,222,150,255,13007,28046)(P,30,255,7,13007,29037)(P,3,7,6,13007,29858)(P,2,6,5,13007,30414)(P,1,5,1,13007,32274)(D,0,1,1,13007,32274)
1 21 12220 28910 30 (D,0,1,1,0,0)(P,1,1,5,0,1860)(P,2,5,6,0,2416)(P,3,6,7,0,3237)(P,30,7,255,0,4228)(P,222,255,150,0,4705)(P,219,150,126,0,5547)(P,185,126,127,0,7267)(S,185,127,126,1720,8987)(S,184,126,125,2210,9477)(S,183,125,124,3696,10963)(S,181,124,122,4606,11873)(P,179,122,123,4606,12716)(S,182,123,124,5148,13258)(P,183,124,125,5148,14744)(S,220,125,150,6029,15625)(S,219,150,126,6871,16467)(P,184,126,125,6871,16957)(S,224,125,152,7842,17928)(S,226,152,153,8478,18564)(S,225,153,151,9731,19817)(P,221,151,150,9731,20181)(S,222,150,255,10208,20658)(S,256,255,171,11249,21699)(S,253,171,170,12220,22670)(P,253,170,171,12220,23641)(P,256,171,255,12220,24682)(P,30,255,7,12220,25673)(P,3,7,6,12220,26494)(P,2,6,5,12220,27050)(P,1,5,1,12220,28910)(D,0,1,1,12220,28910)
1 22 13075 27460 21 (D,0,1,1,0,0)(P,1,1,5,0,1860)(P,2,5,6,0,2416)(P,3,6,7,0,3237)(P,30,7,255,0,4228)(P,256,255,171,0,5269)(P,253,171,170,0,6240)(S,252,170,120,3454,9694)(P,239,120,162,3454,10222)(S,240,162,163,5898,12666)(S,241,163,157,8106,14874)(S,231,157,156,9401,16169)(P,231,156,157,9401,17464)(S,232,157,154,12575,20638)(S,227,154,153,13075,21138)(P,225,153,151,13075,22391)(P,221,151,150,13075,22755)(P,222,150,255,13075,23232)(P,30,255,7,13075,24223)(P,3,7,6,13075,25044)(P,2,6,5,13075,25600)(P,1,5,1,13075,27460)(D,0,1,1,13075,27460)
1 23 12158 33473 27 (D,0,1,1,0,0)(P,1,1,5,0,1860)(P,2,5,6,0,2416)(P,3,6,7,0,3237)(P,30,7,255,0,4228)(P,222,255,150,0,4705)(P,221,150,151,0,5069)(P,225,151,153,0,6322)(P,227,153,154,0,6822)(S,233,154,158,1764,8586)(S,234,158,159,2098,8920)(S,236,159,160,3188,10010)(S,235,160,158,4840,11662)(P,234,158,159,4840,11996)(S,237,159,161,10158,17314)(S,243,161,164,10808,17964)(S,244,164,165,11591,18747)(S,245,165,161,12158,19314)(P,242,161,157,12158,23477)(P,232,157,154,12158,26651)(P,227,154,153,12158,27151)(P,225,153,151,12158,28404)(P,221,151,150,12158,28768)(P,222,150,255,12158,29245)(P,30,255,7,12158,30236)(P,3,7,6,12158,31057)(P,2,6,5,12158,31613)(P,1,5,1,12158,33473)(D,0,1,1,12158,33473)
1 24 14363 54700 34 (D,0,1,1,0,0)(P,1,1,5,0,1860)(P,2,5,6,0,2416)(P,3,6,7,0,3237)(P,30,7,255,0,4228)(P,222,255,150,0,4705)(P,221,150,151,0,5069)(P,225,151,153,0,6322)(P,227,153,154,0,6822)(P,232,154,157,0,9996)(P,242,157,161,0,14159)(S,242,161,157,4163,18322)(P,241,157,163,4163,20530)(S,248,163,167,4801,21168)(S,247,167,166,5992,22359)(S,246,166,165,7106,23473)(P,244,165,164,7106,24256)(S,251,164,169,13667,30817)(P,251,169,164,13667,37378)(P,244,164,165,13667,38161)(P,246,165,166,13667,39275)(S,258,166,175,14363,39971)(P,258,175,166,14363,40667)(P,247,166,167,14363,41858)(P,248,167,163,14363,42496)(P,241,163,157,14363,44704)(P,232,157,154,14363,47878)(P,227,154,153,14363,48378)(P,225,153,151,14363,49631)(P,221,151,150,14363,49995)(P,222,150,255,14363,50472)(P,30,255,7,14363,51463)(P,3,7,6,14363,52284)(P,2,6,5,14363,52840)(P,1,5,1,14363,54700)(D,0,1,1,14363,54700)
1 25 13904 44218 35 (D,0,1,1,0,0)(P,1,1,5,0,1860)(P,2,5,6,0,2416)(P,3,6,7,0,3237)(P,30,7,255,0,4228)(P,222,255,150,0,4705)(P,221,150,151,0,5069)(P,225,151,153,0,6322)(P,227,153,154,0,6822)(P,232,154,157,0,9996)(P,241,157,163,0,12204)(P,248,163,167,0,12842)(P,247,167,166,0,14033)(P,258,166,175,0,14729)(S,259,175,176,859,15588)(S,260,176,168,1130,15859)(S,249,168,167,2036,16765)(P,248,167,163,2036,17403)(S,250,163,168,3510,18877)(P,260,168,176,3510,19148)(S,261,176,177,4834,20472)(S,262,177,175,6430,22068)(P,258,175,166,6430,22764)(S,263,166,178,9849,26183)(S,264,178,179,11831,28165)(S,265,179,180,13904,30238)(P,267,180,181,13904,31195)(P,269,181,182,13904,31943)(P,270,182,174,13904,33174)(P,257,174,170,13904,37978)(P,253,170,171,13904,38949)(P,256,171,255,13904,39990)(P,30,255,7,13904,40981)(P,3,7,6,13904,41802)(P,2,6,5,13904,42358)(P,1,5,1,13904,44218)(D,0,1,1,13904,44218)
1 26 13972 44034 31 (D,0,1,1,0,0)(P,1,1,5,0,1860)(P,2,5,6,0,2416)(P,3,6,7,0,3237)(P,30,7,255,0,4228)(P,256,255,171,0,5269)(P,253,171,170,0,6240)(P,257,170,174,0,11044)(P,270,174,182,0,12275)(P,269,182,181,0,13023)(P,267,181,180,0,13980)(S,266,180,177,1362,15342)(S,268,177,181,3448,17428)(S,267,181,180,4405,18385)(P,267,180,181,4405,19342)(S,269,181,182,5153,20090)(S,270,182,174,6384,21321)(S,271,174,183,7167,22104)(S,272,183,179,8483,23420)(S,273,179,184,10214,25151)(S,274,184,185,11713,26650)(S,275,185,178,13972,28909)(P,264,178,179,13972,30891)(P,272,179,183,13972,32207)(P,271,183,174,13972,32990)(P,257,174,170,13972,37794)(P,253,170,171,13972,38765)(P,256,171,255,13972,39806)(P,30,255,7,13972,40797)(P,3,7,6,13972,41618)(P,2,6,5,13972,42174)(P,1,5,1,13972,44034)(D,0,1,1,13972,44034)
1 27 11078 39947 24 (D,0,1,1,0,0)(P,1,1,5,0,1860)(P,2,5,6,0,2416)(P,3,6,7,0,3237)(P,30,7,255,0,4228)(P,256,255,171,0,5269)(P,253,171,170,0,6240)(P,257,170,174,0,11044)(P,271,174,183,0,11827)(P,272,183,179,0,13143)(P,273,179,184,0,14874)(P,274,184,185,0,16373)(S,276,185,186,3109,19482)(S,279,186,187,4378,20751)(S,278,187,184,5830,22203)(P,278,184,187,5830,23655)(S,280,187,188,8942,26767)(S,281,188,174,11078,28903)(P,257,174,170,11078,33707)(P,253,170,171,11078,34678)(P,256,171,255,11078,35719)(P,30,255,7,11078,36710)(P,3,7,6,11078,37531)(P,2,6,5,11078,38087)(P,1,5,1,11078,39947)(D,0,1,1,11078,39947)
1 28 12723 37402 27 (D,0,1,1,0,0)(P,1,1,5,0,1860)(P,2,5,6,0,2416)(P,3,6,7,0,3237)(P,30,7,255,0,4228)(P,256,255,171,0,5269)(P,253,171,170,0,6240)(P,257,170,174,0,11044)(S,257,174,170,4804,15848)(P,253,170,171,4804,16819)(S,254,171,172,5690,17705)(S,255,172,173,6120,18135)(P,255,173,172,6120,18565)(P,254,172,171,6120,19451)(P,256,171,255,6120,20492)(S,343,255,233,6474,20846)(S,341,233,232,10567,24939)(S,340,232,231,11979,26351)(S,338,231,230,12305,26677)(S,337,230,229,12723,27095)(P,339,229,231,12723,27315)(P,340,231,232,12723,28727)(P,341,232,233,12723,32820)(P,343,233,255,12723,33174)(P,30,255,7,12723,34165)(P,3,7,6,12723,34986)(P,2,6,5,12723,35542)(P,1,5,1,12723,37402)(D,0,1,1,12723,37402)
1 29 13668 45626 32 (D,0,1,1,0,0)(P,1,1,5,0,1860)(P,2,5,6,0,2416)(P,3,6,7,0,3237)(P,30,7,255,0,4228)(P,343,255,233,0,4582)(P,341,233,232,0,8675)(P,340,232,231,0,10087)(P,339,231,229,0,10307)(S,336,229,223,2680,12987)(S,328,223,222,3375,13682)(S,327,222,221,3907,14214)(S,326,221,215,8574,18881)(S,318,215,213,10135,20442)(S,316,213,206,11835,22142)(S,307,206,201,12718,23025)(S,298,201,200,13668,23975)(P,298,200,201,13668,24925)(P,307,201,206,13668,25808)(P,316,206,213,13668,27508)(P,318,213,215,13668,29069)(P,364,215,246,13668,30395)(P,365,246,247,13668,33075)(P,371,247,250,13668,34507)(P,372,250,229,13668,35319)(P,339,229,231,13668,35539)(P,340,231,232,13668,36951)(P,341,232,233,13668,41044)(P,343,233,255,13668,41398)(P,30,255,7,13668,42389)(P,3,7,6,13668,43210)(P,2,6,5,13668,43766)(P,1,5,1,13668,45626)(D,0,1,1,13668,45626)
1 30 14107 51240 36 (D,0,1,1,0,0)(P,1,1,5,0,1860)(P,2,5,6,0,2416)(P,3,6,7,0,3237)(P,30,7,255,0,4228)(P,343,255,233,0,4582)(P,341,233,232,0,8675)(P,340,232,231,0,10087)(P,339,231,229,0,10307)(P,372,229,250,0,11119)(P,371,250,247,0,12551)(P,365,247,246,0,15231)(P,364,246,215,0,16557)(P,318,215,213,0,18118)(P,316,213,206,0,19818)(P,307,206,201,0,20701)(P,298,201,200,0,21651)(S,297,200,199,2518,24169)(S,295,199,198,5758,27409)(S,293,198,197,6067,27718)(S,291,197,195,6368,28019)(S,289,195,194,6744,28395)(S,288,194,190,9995,31646)(S,283,190,189,12560,34211)(S,282,189,188,13315,34966)(P,282,188,189,13315,35721)(S,284,189,191,14107,36513)(P,284,191,189,14107,37305)(P,282,189,188,14107,38060)(P,281,188,174,14107,40196)(P,257,174,170,14107,45000)(P,253,170,171,14107,45971)(P,256,171,255,14107,47012)(P,30,255,7,14107,48003)(P,3,7,6,14107,48824)(P,2,6,5,14107,49380)(P,1,5,1,14107,51240)(D,0,1,1,14107,51240)
1 31 14059 43785 34 (D,0,1,1,0,0)(P,1,1,5,0,1860)(P,2,5,6,0,2416)(P,3,6,7,0,3237)(P,30,7,255,0,4228)(P,256,255,171,0,5269)(P,253,171,170,0,6240)(P,257,170,174,0,11044)(P,281,174,188,0,13180)(P,282,188,189,0,13935)(P,284,189,191,0,14727)(S,285,191,192,1231,15958)(S,287,192,193,1813,16540)(S,286,193,191,2903,17630)(P,286,191,193,2903,18720)(S,349,193,238,3804,19621)(S,348,238,236,5473,21290)(S,346,236,235,7118,22935)(S,345,235,230,10563,26380)(P,338,230,231,10563,26706)(S,339,231,229,10783,26926)(S,372,229,250,11595,27738)(S,370,250,249,13435,29578)(S,368,249,248,14059,30202)(P,368,248,249,14059,30826)(P,370,249,250,14059,32666)(P,372,250,229,14059,33478)(P,339,229,231,14059,33698)(P,340,231,232,14059,35110)(P,341,232,233,14059,39203)(P,343,233,255,14059,39557)(P,30,255,7,14059,40548)(P,3,7,6,14059,41369)(P,2,6,5,14059,41925)(P,1,5,1,14059,43785)(D,0,1,1,14059,43785)
1 32 14641 44900 28 (D,0,1,1,0,0)(P,1,1,5,0,1860)(P,2,5,6,0,2416)(P,3,6,7,0,3237)(P,30,7,255,0,4228)(P,343,255,233,0,4582)(P,341,233,232,0,8675)(P,340,232,231,0,10087)(P,339,231,229,0,10307)(P,372,229,250,0,11119)(P,370,250,249,0,12959)(P,368,249,248,0,13583)(S,366,248,247,2068,15651)(S,365,247,246,4748,18331)(S,363,246,245,9951,23534)(S,360,245,243,11703,25286)(S,357,243,242,13393,26976)(S,355,242,241,14641,28224)(P,354,241,239,14641,29616)(P,351,239,235,14641,31042)(P,345,235,230,14641,34487)(P,338,230,231,14641,34813)(P,340,231,232,14641,36225)(P,341,232,233,14641,40318)(P,343,233,255,14641,40672)(P,30,255,7,14641,41663)(P,3,7,6,14641,42484)(P,2,6,5,14641,43040)(P,1,5,1,14641,44900)(D,0,1,1,14641,44900)
1 33 12397 46637 32 (D,0,1,1,0,0)(P,1,1,5,0,1860)(P,2,5,6,0,2416)(P,3,6,7,0,3237)(P,30,7,255,0,4228)(P,343,255,233,0,4582)(P,341,233,232,0,8675)(P,340,232,231,0,10087)(P,338,231,230,0,10413)(P,345,230,235,0,13858)(P,351,235,239,0,15284)(P,354,239,241,0,16676)(S,353,241,240,2880,19556)(S,352,240,235,5085,21761)(S,351,235,239,6511,23187)(S,350,239,238,7588,24264)(P,350,238,239,7588,25341)(S,354,239,241,8980,26733)(S,358,241,243,10197,27950)(S,359,243,244,11777,29530)(S,361,244,245,12397,30150)(P,367,245,248,12397,33054)(P,368,248,249,12397,33678)(P,370,249,250,12397,35518)(P,372,250,229,12397,36330)(P,339,229,231,12397,36550)(P,340,231,232,12397,37962)(P,341,232,233,12397,42055)(P,343,233,255,12397,42409)(P,30,255,7,12397,43400)(P,3,7,6,12397,44221)(P,2,6,5,12397,44777)(P,1,5,1,12397,46637)(D,0,1,1,12397,46637)
1 34 14209 52288 41 (D,0,1,1,0,0)(P,1,1,5,0,1860)(P,2,5,6,0,2416)(P,3,6,7,0,3237)(P,30,7,255,0,4228)(P,343,255,233,0,4582)(P,341,233,232,0,8675)(P,340,232,231,0,10087)(P,339,231,229,0,10307)(P,372,229,250,0,11119)(P,370,250,249,0,12959)(P,368,249,248,0,13583)(P,367,248,245,0,16487)(S,367,245,248,2904,19391)(P,368,248,249,2904,20015)(S,369,249,240,3780,20891)(P,369,240,249,3780,21767)(P,370,249,250,3780,23607)(S,371,250,247,5212,25039)(S,373,247,222,8069,27896)(S,330,222,225,9000,28827)(S,331,225,224,9545,29372)(S,329,224,221,11261,31088)(P,327,221,222,11261,31620)(P,328,222,223,11261,32315)(S,333,223,225,12331,33385)(P,331,225,224,12331,33930)(S,332,224,226,13076,34675)(P,332,226,224,13076,35420)(P,331,224,225,13076,35965)(P,333,225,223,13076,37035)(S,334,223,227,14209,38168)(P,334,227,223,14209,39301)(P,336,223,229,14209,41981)(P,339,229,231,14209,42201)(P,340,231,232,14209,43613)(P,341,232,233,14209,47706)(P,343,233,255,14209,48060)(P,30,255,7,14209,49051)(P,3,7,6,14209,49872)(P,2,6,5,14209,50428)(P,1,5,1,14209,52288)(D,0,1,1,14209,52288)
1 35 14482 41829 23 (D,0,1,1,0,0)(P,1,1,5,0,1860)(P,2,5,6,0,2416)(P,3,6,7,0,3237)(P,30,7,255,0,4228)(P,343,255,233,0,4582)(P,341,233,232,0,8675)(P,340,232,231,0,10087)(P,339,231,229,0,10307)(P,336,229,223,0,12987)(P,334,223,227,0,14120)(S,335,227,228,3200,17320)(P,335,228,227,3200,20520)(P,334,227,223,3200,21653)(P,336,223,229,3200,24333)(P,339,229,231,3200,24553)(P,340,231,232,3200,25965)(S,344,232,234,10475,33240)(S,342,234,233,14482,37247)(P,343,233,255,14482,37601)(P,30,255,7,14482,38592)(P,3,7,6,14482,39413)(P,2,6,5,14482,39969)(P,1,5,1,14482,41829)(D,0,1,1,14482,41829)
1 36 14228 29942 40 (D,0,1,1,0,0)(P,1,1,5,0,1860)(P,2,5,6,0,2416)(P,3,6,7,0,3237)(P,30,7,255,0,4228)(P,37,255,9,0,4865)(S,6,9,10,282,5147)(S,7,10,11,2116,6981)(S,8,11,12,3225,8090)(S,49,12,36,3898,8763)(S,47,36,35,4261,9126)(S,46,35,34,4771,9636)(S,45,34,32,5317,10182)(S,41,32,31,6988,11853)(S,39,31,29,7547,12412)(S,34,29,27,8267,13132)(P,33,27,28,8267,13722)(S,35,28,29,9086,14541)(S,36,29,9,9880,15335)(P,6,9,10,9880,15617)(S,38,10,30,10378,16115)(S,40,30,31,10761,16498)(P,40,31,30,10761,16881)(S,43,30,33,12134,18254)(S,42,33,32,12554,18674)(P,42,32,33,12554,19094)(S,44,33,11,12684,19224)(P,44,11,33,12684,19354)(S,48,33,36,13108,19778)(P,47,36,35,13108,20141)(S,50,35,37,14002,21035)(S,51,37,13,14228,21261)(P,9,13,12,14228,21852)(P,8,12,11,14228,22961)(P,7,11,10,14228,24795)(P,6,10,9,14228,25077)(P,37,9,255,14228,25714)(P,30,255,7,14228,26705)(P,3,7,6,14228,27526)(P,2,6,5,14228,28082)(P,1,5,1,14228,29942)(D,0,1,1,14228,29942)
1 37 9078 39701 39 (D,0,1,1,0,0)(P,1,1,5,0,1860)(P,2,5,6,0,2416)(P,3,6,7,0,3237)(P,30,7,255,0,4228)(P,37,255,9,0,4865)(P,6,9,10,0,5147)(P,7,10,11,0,6981)(P,8,11,12,0,8090)(P,9,12,13,0,8681)(S,9,13,12,591,9272)(P,9,12,13,591,9863)(S,10,13,14,3948,13220)(P,10,14,13,3948,16577)(P,51,13,37,3948,16803)(P,50,37,35,3948,17697)(P,46,35,34,3948,18207)(S,56,34,41,6481,20740)(P,56,41,34,6481,23273)(P,45,34,32,6481,23819)(P,42,32,33,6481,24239)(P,43,33,30,6481,25612)(P,38,30,10,6481,26110)(P,6,10,9,6481,26392)(P,37,9,255,6481,27029)(P,130,255,89,6481,27912)(S,129,89,90,7376,28807)(P,129,90,89,7376,29702)(P,130,89,255,7376,30585)(P,222,255,150,7376,31062)(P,218,150,141,7376,31609)(S,207,141,142,8684,32917)(S,206,142,140,9078,33311)(P,205,140,141,9078,34449)(P,218,141,150,9078,34996)(P,222,150,255,9078,35473)(P,30,255,7,9078,36464)(P,3,7,6,9078,37285)(P,2,6,5,9078,37841)(P,1,5,1,9078,39701)(D,0,1,1,9078,39701)
1 38 13801 36068 24 (D,0,1,1,0,0)(P,1,1,5,0,1860)(P,2,5,6,0,2416)(P,3,6,7,0,3237)(P,30,7,255,0,4228)(P,222,255,150,0,4705)(P,218,150,141,0,5252)(P,207,141,142,0,6560)(S,208,142,143,9647,16207)(S,209,143,144,12350,18910)(P,209,144,143,12350,21613)(S,210,143,145,13801,23064)(P,211,145,146,13801,26449)(P,212,146,136,13801,27053)(P,198,136,137,13801,28431)(P,200,137,138,13801,28655)(P,201,138,139,13801,28906)(P,204,139,140,13801,29678)(P,205,140,141,13801,30816)(P,218,141,150,13801,31363)(P,222,150,255,13801,31840)(P,30,255,7,13801,32831)(P,3,7,6,13801,33652)(P,2,6,5,13801,34208)(P,1,5,1,13801,36068)(D,0,1,1,13801,36068)
1 39 14055 45178 43 (D,0,1,1,0,0)(P,1,1,5,0,1860)(P,2,5,6,0,2416)(P,3,6,7,0,3237)(P,30,7,255,0,4228)(P,222,255,150,0,4705)(P,218,150,141,0,5252)(P,205,141,140,0,6390)(P,204,140,139,0,7162)(P,201,139,138,0,7413)(P,200,138,137,0,7637)(P,198,137,136,0,9015)(P,212,136,146,0,9619)(P,211,146,145,0,13004)(S,211,145,146,3385,16389)(S,212,146,136,3989,16993)(P,212,136,146,3989,17597)(S,213,146,147,5801,19409)(S,214,147,135,7207,20815)(P,214,135,147,7207,22221)(S,215,147,148,8740,23754)(S,216,148,149,9437,24451)(P,216,149,148,9437,25148)(S,217,148,145,10233,25944)(P,217,145,148,10233,26740)(P,215,148,147,10233,28273)(P,214,147,135,10233,29679)(P,196,135,133,10233,31267)(S,195,133,134,10505,31539)(P,195,134,133,10505,31811)(P,194,133,132,10505,33877)(S,193,132,131,10810,34182)(S,190,131,130,13043,36415)(S,189,130,129,13751,37123)(S,188,129,128,14055,37427)(P,203,128,139,14055,38016)(P,204,139,140,14055,38788)(P,205,140,141,14055,39926)(P,218,141,150,14055,40473)(P,222,150,255,14055,40950)(P,30,255,7,14055,41941)(P,3,7,6,14055,42762)(P,2,6,5,14055,43318)(P,1,5,1,14055,45178)(D,0,1,1,14055,45178)
1 40 13656 66397 56 (D,0,1,1,0,0)(P,1,1,5,0,1860)(P,2,5,6,0,2416)(P,3,6,7,0,3237)(P,30,7,255,0,4228)(P,222,255,150,0,4705)(P,218,150,141,0,5252)(P,205,141,140,0,6390)(P,204,140,139,0,7162)(P,203,139,128,0,7751)(S,187,128,127,904,8655)(P,187,127,128,904,9559)(S,203,128,139,1493,10148)(P,201,139,138,1493,10399)(S,202,138,129,1917,10823)(P,202,129,138,1917,11247)(P,200,138,137,1917,11471)(S,199,137,130,2464,12018)(P,190,130,131,2464,14251)(S,191,131,100,2970,14757)(S,147,100,2,4532,16319)(P,147,2,100,4532,17881)(P,191,100,131,4532,18387)(P,190,131,130,4532,20620)(P,199,130,137,4532,21167)(P,200,137,138,4532,21391)(P,201,138,139,4532,21642)(P,204,139,140,4532,22414)(P,205,140,141,4532,23552)(P,218,141,150,4532,24099)(P,221,150,151,4532,24463)(P,223,151,152,4532,25199)(P,228,152,155,4532,27575)(S,229,155,121,8840,31883)(P,177,121,117,8840,35040)(P,173,117,118,8840,37319)(P,172,118,106,8840,38619)(P,156,106,108,8840,39249)(P,157,108,109,8840,40517)(S,159,109,110,10564,42241)(P,159,110,109,10564,43965)(P,158,109,107,10564,45043)(P,154,107,105,10564,46025)(P,152,105,104,10564,47323)(S,166,104,114,13656,50415)(P,164,114,113,13656,51619)(P,167,113,115,13656,53950)(P,170,115,116,13656,54254)(P,180,116,123,13656,58783)(P,182,123,124,13656,59325)(P,183,124,125,13656,60811)(P,220,125,150,13656,61692)(P,222,150,255,13656,62169)(P,30,255,7,13656,63160)(P,3,7,6,13656,63981)(P,2,6,5,13656,64537)(P,1,5,1,13656,66397)(D,0,1,1,13656,66397)
1 41 12907 56276 34 (D,0,1,1,0,0)(P,1,1,5,0,1860)(P,2,5,6,0,2416)(P,3,6,7,0,3237)(P,30,7,255,0,4228)(P,343,255,233,0,4582)(P,341,233,232,0,8675)(P,340,232,231,0,10087)(P,339,231,229,0,10307)(P,372,229,250,0,11119)(P,371,250,247,0,12551)(P,365,247,246,0,15231)(S,364,246,215,1326,16557)(S,319,215,214,2591,17822)(S,317,214,213,3841,19072)(P,317,213,214,3841,20322)(S,320,214,216,10241,26722)(S,321,216,217,12526,29007)(S,375,217,254,12907,29388)(P,375,254,217,12907,29769)(P,321,217,216,12907,32054)(P,320,216,214,12907,38454)(P,319,214,215,12907,39719)(P,364,215,246,12907,41045)(P,365,246,247,12907,43725)(P,371,247,250,12907,45157)(P,372,250,229,12907,45969)(P,339,229,231,12907,46189)(P,340,231,232,12907,47601)(P,341,232,233,12907,51694)(P,343,233,255,12907,52048)(P,30,255,7,12907,53039)(P,3,7,6,12907,53860)(P,2,6,5,12907,54416)(P,1,5,1,12907,56276)(D,0,1,1,12907,56276)
1 42 13169 74462 44 (D,0,1,1,0,0)(P,1,1,5,0,1860)(P,2,5,6,0,2416)(P,3,6,7,0,3237)(P,30,7,255,0,4228)(P,343,255,233,0,4582)(P,341,233,232,0,8675)(P,340,232,231,0,10087)(P,339,231,229,0,10307)(P,372,229,250,0,11119)(P,371,250,247,0,12551)(P,365,247,246,0,15231)(P,364,246,215,0,16557)(P,319,215,214,0,17822)(P,320,214,216,0,24222)(P,321,216,217,0,26507)(P,375,217,254,0,26888)(S,322,254,218,1829,28717)(S,323,218,219,3488,30376)(S,324,219,220,4808,31696)(P,324,220,219,4808,33016)(S,325,219,216,6154,34362)(P,321,216,217,6154,36647)(P,375,217,254,6154,37028)(S,374,254,212,6929,37803)(S,314,212,210,11651,42525)(S,312,210,209,13169,44043)(P,311,209,208,13169,47412)(P,310,208,207,13169,50260)(P,309,207,205,13169,52155)(P,308,205,206,13169,54644)(P,316,206,213,13169,56344)(P,318,213,215,13169,57905)(P,364,215,246,13169,59231)(P,365,246,247,13169,61911)(P,371,247,250,13169,63343)(P,372,250,229,13169,64155)(P,339,229,231,13169,64375)(P,340,231,232,13169,65787)(P,341,232,233,13169,69880)(P,343,233,255,13169,70234)(P,30,255,7,13169,71225)(P,3,7,6,13169,72046)(P,2,6,5,13169,72602)(P,1,5,1,13169,74462)(D,0,1,1,13169,74462)
