The random seed is 1592054739.
There are 140 vertices, 75 tasks, and the capacities of vehicles is 103.

The max number of idle iteration of generating individual: 1000
Beta: 0.900000
The max iteration of k-means: 200
The algorithm stop at the 3345th iteration
The algorith took 139124 clicks (139.124000 seconds).
The best searched solution with total cost 8588 :
1 1 77 154 8 (D,0,1,1,0,0)(S,67,1,116,18,18)(S,68,116,117,37,37)(S,69,117,2,53,53)(P,69,2,117,53,69)(S,70,117,119,77,93)(P,70,119,117,77,117)(P,68,117,116,77,136)(P,67,116,1,77,154)(D,0,1,1,77,154)
1 2 97 618 35 (D,0,1,1,0,0)(P,67,1,116,0,18)(P,68,116,117,0,37)(P,161,117,118,0,86)(P,163,118,91,0,121)(P,139,91,66,0,190)(S,36,66,67,33,223)(S,37,67,68,42,232)(P,37,68,67,42,241)(S,38,67,69,46,245)(S,39,69,71,52,251)(S,40,71,72,61,260)(S,41,72,73,79,278)(P,42,73,44,79,314)(S,24,44,45,93,328)(S,25,45,34,97,332)(P,25,34,45,97,336)(P,24,45,44,97,350)(P,23,44,43,97,381)(P,26,43,46,97,386)(P,43,46,77,97,402)(P,44,77,78,97,417)(P,45,78,79,97,429)(P,46,79,80,97,441)(P,47,80,82,97,457)(P,48,82,84,97,470)(P,49,84,85,97,480)(P,50,85,86,97,500)(P,51,86,87,97,504)(P,167,87,122,97,519)(P,166,122,121,97,527)(P,165,121,120,97,543)(P,162,120,119,97,557)(P,70,119,117,97,581)(P,68,117,116,97,600)(P,67,116,1,97,618)(D,0,1,1,97,618)
1 3 103 718 36 (D,0,1,1,0,0)(P,67,1,116,0,18)(P,68,116,117,0,37)(P,70,117,119,0,61)(P,162,119,120,0,75)(P,170,120,123,0,107)(P,169,123,124,0,136)(S,72,124,126,11,147)(S,73,126,130,46,182)(P,73,130,126,46,217)(P,72,126,124,46,228)(P,169,124,123,46,257)(P,168,123,122,46,272)(P,167,122,87,46,287)(P,51,87,86,46,291)(P,50,86,85,46,311)(P,49,85,84,46,321)(P,48,84,82,46,334)(P,47,82,80,46,350)(P,46,80,79,46,362)(P,45,79,78,46,374)(P,44,78,77,46,389)(S,43,77,46,62,405)(S,26,46,43,67,410)(P,23,43,44,67,441)(S,42,44,73,103,477)(P,41,73,72,103,495)(P,40,72,71,103,504)(P,39,71,69,103,510)(P,38,69,67,103,514)(P,37,67,68,103,523)(P,138,68,90,103,590)(P,137,90,91,103,597)(P,163,91,118,103,632)(P,161,118,117,103,681)(P,68,117,116,103,700)(P,67,116,1,103,718)(D,0,1,1,103,718)
1 4 103 536 34 (D,0,1,1,0,0)(P,67,1,116,0,18)(P,159,116,115,0,28)(P,158,115,114,0,64)(P,66,114,113,0,76)(P,65,113,112,0,80)(S,63,112,110,13,93)(P,61,110,107,13,101)(S,59,107,108,38,126)(P,59,108,107,38,151)(S,58,107,106,66,179)(S,57,106,105,81,194)(S,56,105,104,87,200)(P,55,104,102,87,221)(P,153,102,101,87,238)(P,151,101,94,87,242)(P,145,94,93,87,259)(P,144,93,63,87,284)(S,32,63,62,94,291)(P,32,62,63,94,298)(S,33,63,64,103,307)(P,143,64,93,103,335)(P,145,93,94,103,352)(P,151,94,101,103,356)(P,153,101,102,103,373)(P,55,102,104,103,394)(P,56,104,105,103,400)(P,57,105,106,103,415)(P,58,106,107,103,443)(P,64,107,112,103,456)(P,65,112,113,103,460)(P,66,113,114,103,472)(P,158,114,115,103,508)(P,159,115,116,103,518)(P,67,116,1,103,536)(D,0,1,1,103,536)
1 6 98 670 44 (D,0,1,1,0,0)(P,67,1,116,0,18)(P,68,116,117,0,37)(P,70,117,119,0,61)(P,162,119,120,0,75)(P,165,120,121,0,91)(P,166,121,122,0,99)(P,167,122,87,0,114)(P,51,87,86,0,118)(P,50,86,85,0,138)(P,49,85,84,0,148)(P,48,84,82,0,161)(P,47,82,80,0,177)(P,46,80,79,0,189)(P,45,79,78,0,201)(P,44,78,77,0,216)(P,43,77,46,0,232)(P,26,46,43,0,237)(P,23,43,44,0,268)(S,23,44,43,31,299)(S,22,43,37,47,315)(S,18,37,36,67,335)(S,19,36,38,92,360)(S,20,38,39,98,366)(P,20,39,38,98,372)(P,19,38,36,98,397)(P,18,36,37,98,417)(P,22,37,43,98,433)(P,26,43,46,98,438)(P,43,46,77,98,454)(P,44,77,78,98,469)(P,45,78,79,98,481)(P,46,79,80,98,493)(P,47,80,82,98,509)(P,48,82,84,98,522)(P,49,84,85,98,532)(P,50,85,86,98,552)(P,51,86,87,98,556)(P,167,87,122,98,571)(P,166,122,121,98,579)(P,165,121,120,98,595)(P,162,120,119,98,609)(P,70,119,117,98,633)(P,68,117,116,98,652)(P,67,116,1,98,670)(D,0,1,1,98,670)
1 7 101 636 39 (D,0,1,1,0,0)(P,67,1,116,0,18)(P,159,116,115,0,28)(P,158,115,114,0,64)(P,66,114,113,0,76)(P,65,113,112,0,80)(P,64,112,107,0,93)(P,58,107,106,0,121)(P,57,106,105,0,136)(P,56,105,104,0,142)(S,55,104,102,21,163)(P,153,102,101,21,180)(P,152,101,66,21,208)(S,35,66,62,58,245)(P,32,62,63,58,252)(P,33,63,64,58,261)(S,34,64,65,73,276)(P,120,65,56,73,306)(S,31,56,55,77,310)(S,30,55,54,87,320)(P,30,54,55,87,330)(S,74,55,140,101,344)(P,74,140,55,101,358)(P,31,55,56,101,362)(P,120,56,65,101,392)(P,34,65,64,101,407)(P,143,64,93,101,435)(P,145,93,94,101,452)(P,151,94,101,101,456)(P,153,101,102,101,473)(P,55,102,104,101,494)(P,56,104,105,101,500)(P,57,105,106,101,515)(P,58,106,107,101,543)(P,64,107,112,101,556)(P,65,112,113,101,560)(P,66,113,114,101,572)(P,158,114,115,101,608)(P,159,115,116,101,618)(P,67,116,1,101,636)(D,0,1,1,101,636)
1 8 98 818 50 (D,0,1,1,0,0)(P,67,1,116,0,18)(P,68,116,117,0,37)(P,70,117,119,0,61)(P,162,119,120,0,75)(P,165,120,121,0,91)(P,166,121,122,0,99)(P,167,122,87,0,114)(P,51,87,86,0,118)(P,50,86,85,0,138)(P,49,85,84,0,148)(P,48,84,82,0,161)(P,47,82,80,0,177)(P,46,80,79,0,189)(P,45,79,78,0,201)(P,44,78,77,0,216)(P,43,77,46,0,232)(P,26,46,43,0,237)(P,23,43,44,0,268)(P,24,44,45,0,282)(P,25,45,34,0,286)(S,17,34,139,49,335)(S,27,139,33,62,348)(S,16,33,11,86,372)(P,5,11,12,86,397)(S,6,12,13,98,409)(P,6,13,12,98,421)(P,5,12,11,98,446)(P,16,11,33,98,470)(P,27,33,139,98,483)(P,17,139,34,98,532)(P,25,34,45,98,536)(P,24,45,44,98,550)(P,23,44,43,98,581)(P,26,43,46,98,586)(P,43,46,77,98,602)(P,44,77,78,98,617)(P,45,78,79,98,629)(P,46,79,80,98,641)(P,47,80,82,98,657)(P,48,82,84,98,670)(P,49,84,85,98,680)(P,50,85,86,98,700)(P,51,86,87,98,704)(P,167,87,122,98,719)(P,166,122,121,98,727)(P,165,121,120,98,743)(P,162,120,119,98,757)(P,70,119,117,98,781)(P,68,117,116,98,800)(P,67,116,1,98,818)(D,0,1,1,98,818)
1 9 102 324 17 (D,0,1,1,0,0)(P,67,1,116,0,18)(P,159,116,115,0,28)(P,158,115,114,0,64)(S,71,114,118,58,122)(P,71,118,114,58,180)(S,66,114,113,70,192)(S,65,113,112,74,196)(S,64,112,107,87,209)(S,61,107,110,95,217)(S,62,110,111,102,224)(P,62,111,110,102,231)(P,63,110,112,102,244)(P,65,112,113,102,248)(P,66,113,114,102,260)(P,158,114,115,102,296)(P,159,115,116,102,306)(P,67,116,1,102,324)(D,0,1,1,102,324)
1 11 103 442 16 (D,0,1,1,0,0)(P,67,1,116,0,18)(P,159,116,115,0,28)(P,158,115,114,0,64)(P,66,114,113,0,76)(P,65,113,112,0,80)(P,64,112,107,0,93)(P,59,107,108,0,118)(S,60,108,109,103,221)(P,60,109,108,103,324)(P,59,108,107,103,349)(P,64,107,112,103,362)(P,65,112,113,103,366)(P,66,113,114,103,378)(P,158,114,115,103,414)(P,159,115,116,103,424)(P,67,116,1,103,442)(D,0,1,1,103,442)
1 12 102 1058 59 (D,0,1,1,0,0)(P,67,1,116,0,18)(P,68,116,117,0,37)(P,70,117,119,0,61)(P,162,119,120,0,75)(P,165,120,121,0,91)(P,166,121,122,0,99)(P,167,122,87,0,114)(P,51,87,86,0,118)(P,50,86,85,0,138)(P,49,85,84,0,148)(P,48,84,82,0,161)(P,47,82,80,0,177)(P,46,80,79,0,189)(P,45,79,78,0,201)(P,44,78,77,0,216)(P,43,77,46,0,232)(P,26,46,43,0,237)(P,22,43,37,0,253)(P,18,37,36,0,273)(P,19,36,38,0,298)(P,20,38,39,0,304)(S,21,39,40,18,322)(P,98,40,41,18,334)(P,99,41,38,18,344)(P,19,38,36,18,369)(P,96,36,35,18,373)(P,95,35,34,18,432)(P,17,34,139,18,481)(P,27,139,33,18,494)(P,16,33,11,18,518)(S,4,11,8,66,566)(S,2,8,6,76,576)(S,1,6,5,102,602)(P,1,5,6,102,628)(P,2,6,8,102,638)(P,4,8,11,102,686)(P,16,11,33,102,710)(P,27,33,139,102,723)(P,17,139,34,102,772)(P,25,34,45,102,776)(P,24,45,44,102,790)(P,23,44,43,102,821)(P,26,43,46,102,826)(P,43,46,77,102,842)(P,44,77,78,102,857)(P,45,78,79,102,869)(P,46,79,80,102,881)(P,47,80,82,102,897)(P,48,82,84,102,910)(P,49,84,85,102,920)(P,50,85,86,102,940)(P,51,86,87,102,944)(P,167,87,122,102,959)(P,166,122,121,102,967)(P,165,121,120,102,983)(P,162,120,119,102,997)(P,70,119,117,102,1021)(P,68,117,116,102,1040)(P,67,116,1,102,1058)(D,0,1,1,102,1058)
1 13 96 1000 56 (D,0,1,1,0,0)(P,67,1,116,0,18)(P,159,116,115,0,28)(P,158,115,114,0,64)(P,66,114,113,0,76)(P,65,113,112,0,80)(P,64,112,107,0,93)(P,58,107,106,0,121)(P,57,106,105,0,136)(P,56,105,104,0,142)(P,55,104,102,0,163)(P,153,102,101,0,180)(P,151,101,94,0,184)(P,145,94,93,0,201)(P,143,93,64,0,229)(P,34,64,65,0,244)(P,120,65,56,0,274)(P,31,56,55,0,278)(P,74,55,140,0,292)(S,29,140,49,24,316)(S,28,49,48,34,326)(P,105,48,139,34,375)(P,27,139,33,34,388)(P,16,33,11,34,412)(S,5,11,12,59,437)(P,5,12,11,59,462)(P,4,11,8,59,510)(S,3,8,9,96,547)(P,77,9,10,96,559)(P,78,10,15,96,572)(P,80,15,17,96,585)(P,81,17,13,96,591)(P,6,13,12,96,603)(P,5,12,11,96,628)(P,16,11,33,96,652)(P,27,33,139,96,665)(P,17,139,34,96,714)(P,25,34,45,96,718)(P,24,45,44,96,732)(P,23,44,43,96,763)(P,26,43,46,96,768)(P,43,46,77,96,784)(P,44,77,78,96,799)(P,45,78,79,96,811)(P,46,79,80,96,823)(P,47,80,82,96,839)(P,48,82,84,96,852)(P,49,84,85,96,862)(P,50,85,86,96,882)(P,51,86,87,96,886)(P,167,87,122,96,901)(P,166,122,121,96,909)(P,165,121,120,96,925)(P,162,120,119,96,939)(P,70,119,117,96,963)(P,68,117,116,96,982)(P,67,116,1,96,1000)(D,0,1,1,96,1000)
1 14 102 432 30 (D,0,1,1,0,0)(P,67,1,116,0,18)(P,68,116,117,0,37)(P,70,117,119,0,61)(P,162,119,120,0,75)(P,165,120,121,0,91)(P,166,121,122,0,99)(P,167,122,87,0,114)(S,51,87,86,4,118)(S,50,86,85,24,138)(S,49,85,84,34,148)(S,48,84,82,47,161)(S,47,82,80,63,177)(S,46,80,79,75,189)(S,45,79,78,87,201)(S,44,78,77,102,216)(P,44,77,78,102,231)(P,45,78,79,102,243)(P,46,79,80,102,255)(P,47,80,82,102,271)(P,48,82,84,102,284)(P,49,84,85,102,294)(P,50,85,86,102,314)(P,51,86,87,102,318)(P,167,87,122,102,333)(P,166,122,121,102,341)(P,165,121,120,102,357)(P,162,120,119,102,371)(P,70,119,117,102,395)(P,68,117,116,102,414)(P,67,116,1,102,432)(D,0,1,1,102,432)
