The random seed is 1592062216.
There are 255 vertices, 375 tasks, and the capacities of vehicles is 23100.

The max number of idle iteration of generating individual: 1000
Beta: 0.900000
The max iteration of k-means: 200
The algorithm stop at the 1246th iteration
The algorith took 650563 clicks (650.563000 seconds).
The best searched solution with total cost 2072240 :
1 1 22208 36248 38 (D,0,1,1,0,0)(S,1,1,5,1860,1860)(S,2,5,6,2416,2416)(S,15,6,18,2845,2845)(S,14,18,17,3163,3163)(S,13,17,16,3384,3384)(S,12,16,5,3774,3774)(P,12,5,16,3774,4164)(S,18,16,20,4734,5124)(S,19,20,21,5403,5793)(S,23,21,23,6388,6778)(S,22,23,22,6851,7241)(S,21,22,20,7370,7760)(P,21,20,22,7370,8279)(S,24,22,24,7898,8807)(S,25,24,23,8377,9286)(S,32,23,28,9848,10757)(S,33,28,27,10438,11347)(S,31,27,26,11407,12316)(S,28,26,21,12088,12997)(S,20,21,19,12548,13457)(S,16,19,18,13265,14174)(P,16,18,19,13265,14891)(P,17,19,7,13265,15394)(P,4,7,8,13265,16000)(S,29,8,26,14328,17063)(P,28,26,21,14328,17744)(P,23,21,23,14328,18729)(P,25,23,24,14328,19208)(S,26,24,25,15889,20769)(S,27,25,1,18730,23610)(P,27,1,25,18730,26451)(S,52,25,38,19439,27160)(S,53,38,39,21461,29182)(S,54,39,40,22208,29929)(P,54,40,39,22208,30676)(P,53,39,38,22208,32698)(P,52,38,25,22208,33407)(P,27,25,1,22208,36248)(D,0,1,1,22208,36248)
1 2 21682 56069 33 (D,0,1,1,0,0)(P,27,1,25,0,2841)(P,52,25,38,0,3550)(P,53,38,39,0,5572)(P,54,39,40,0,6319)(S,112,40,77,1022,7341)(S,111,77,76,2191,8510)(P,111,76,77,2191,9679)(P,112,77,40,2191,10701)(P,54,40,39,2191,11448)(S,55,39,41,4622,13879)(P,55,41,39,4622,16310)(S,57,39,42,8266,19954)(S,58,42,43,8871,20559)(S,59,43,41,12613,24301)(P,59,41,43,12613,28043)(S,60,43,44,13279,28709)(S,61,44,37,18346,33776)(P,51,37,13,18346,34002)(P,10,13,14,18346,37359)(S,11,14,15,20268,39281)(S,63,15,45,21682,40695)(P,63,45,15,21682,42109)(P,11,15,14,21682,44031)(P,10,14,13,21682,47388)(P,9,13,12,21682,47979)(P,8,12,11,21682,49088)(P,7,11,10,21682,50922)(P,6,10,9,21682,51204)(P,37,9,255,21682,51841)(P,30,255,7,21682,52832)(P,3,7,6,21682,53653)(P,2,6,5,21682,54209)(P,1,5,1,21682,56069)(D,0,1,1,21682,56069)
1 3 22746 58649 45 (D,0,1,1,0,0)(P,1,1,5,0,1860)(P,2,5,6,0,2416)(P,3,6,7,0,3237)(P,30,7,255,0,4228)(P,37,255,9,0,4865)(P,6,9,10,0,5147)(P,7,10,11,0,6981)(P,8,11,12,0,8090)(P,9,12,13,0,8681)(P,10,13,14,0,12038)(P,11,14,15,0,13960)(P,63,15,45,0,15374)(S,64,45,46,2781,18155)(S,65,46,47,3625,18999)(P,65,47,46,3625,19843)(S,66,46,48,4399,20617)(S,67,48,49,4952,21170)(S,68,49,46,6183,22401)(P,66,46,48,6183,23175)(S,94,48,4,7057,24049)(S,92,4,66,9619,26611)(S,91,66,65,11951,28943)(S,90,65,64,12471,29463)(S,89,64,60,13594,30586)(S,84,60,59,13952,30944)(S,82,59,58,14276,31268)(S,80,58,57,14698,31690)(S,79,57,56,15039,32031)(S,78,56,53,15584,32576)(S,72,53,52,16838,33830)(S,71,52,51,18028,35020)(S,70,51,50,19514,36506)(S,69,50,49,20555,37547)(P,69,49,50,20555,38588)(S,93,50,4,22746,40779)(P,93,4,50,22746,42970)(P,70,50,51,22746,44456)(P,71,51,52,22746,45646)(P,72,52,53,22746,46900)(P,76,53,55,22746,47562)(P,75,55,42,22746,49433)(P,57,42,39,22746,53077)(P,53,39,38,22746,55099)(P,52,38,25,22746,55808)(P,27,25,1,22746,58649)(D,0,1,1,22746,58649)
1 4 21869 59862 41 (D,0,1,1,0,0)(P,27,1,25,0,2841)(P,52,25,38,0,3550)(P,53,38,39,0,5572)(P,57,39,42,0,9216)(P,75,42,55,0,11087)(P,76,55,53,0,11749)(P,78,53,56,0,12294)(P,81,56,58,0,12626)(P,82,58,59,0,12950)(P,84,59,60,0,13308)(P,89,60,64,0,14431)(P,90,64,65,0,14951)(P,91,65,66,0,17283)(S,96,66,67,4023,21306)(S,95,67,64,7324,24607)(P,89,64,60,7324,25730)(S,85,60,51,8400,26806)(P,71,51,52,8400,27996)(S,83,52,59,8902,28498)(P,82,59,58,8902,28822)(S,81,58,56,9234,29154)(P,79,56,57,9234,29495)(S,86,57,61,9602,29863)(S,87,61,62,9978,30239)(S,88,62,63,11647,31908)(S,102,63,70,14578,34839)(S,99,70,69,15679,35940)(S,98,69,68,17460,37721)(S,97,68,67,21869,42130)(P,95,67,64,21869,45431)(P,89,64,60,21869,46554)(P,84,60,59,21869,46912)(P,82,59,58,21869,47236)(P,81,58,56,21869,47568)(P,78,56,53,21869,48113)(P,76,53,55,21869,48775)(P,75,55,42,21869,50646)(P,57,42,39,21869,54290)(P,53,39,38,21869,56312)(P,52,38,25,21869,57021)(P,27,25,1,21869,59862)(D,0,1,1,21869,59862)
1 5 21805 59485 33 (D,0,1,1,0,0)(P,1,1,5,0,1860)(P,2,5,6,0,2416)(P,3,6,7,0,3237)(P,30,7,255,0,4228)(P,222,255,150,0,4705)(P,219,150,126,0,5547)(P,185,126,127,0,7267)(P,186,127,98,0,10750)(P,145,98,97,0,11150)(P,142,97,93,0,14212)(P,134,93,94,0,14721)(P,136,94,68,0,16791)(S,136,68,94,2070,18861)(S,137,94,95,4533,21324)(S,138,95,68,5923,22714)(P,138,68,95,5923,24104)(S,139,95,3,10992,29173)(P,139,3,95,10992,34242)(P,137,95,94,10992,36705)(S,135,94,92,11385,37098)(S,132,92,91,11835,37548)(S,131,91,83,14727,40440)(S,120,83,82,15149,40862)(S,118,82,81,16874,42587)(S,116,81,80,17086,42799)(S,115,80,78,21805,47518)(P,113,78,76,21805,50975)(P,111,76,77,21805,52144)(P,112,77,40,21805,53166)(P,54,40,39,21805,53913)(P,53,39,38,21805,55935)(P,52,38,25,21805,56644)(P,27,25,1,21805,59485)(D,0,1,1,21805,59485)
1 6 22323 55408 37 (D,0,1,1,0,0)(P,27,1,25,0,2841)(P,52,25,38,0,3550)(P,53,38,39,0,5572)(P,54,39,40,0,6319)(P,112,40,77,0,7341)(P,111,77,76,0,8510)(P,113,76,78,0,11967)(S,113,78,76,3457,15424)(S,110,76,75,6704,18671)(S,107,75,74,7247,19214)(S,105,74,73,7824,19791)(S,104,73,72,10778,22745)(S,103,72,71,12391,24358)(S,100,71,69,12954,24921)(P,100,69,71,12954,25484)(S,101,71,70,13938,26468)(P,101,70,71,13938,27452)(S,119,71,82,15212,28726)(P,120,82,83,15212,29148)(S,121,83,84,16883,30819)(S,122,84,80,18177,32113)(P,116,80,81,18177,32325)(S,117,81,72,18460,32608)(P,117,72,81,18460,32891)(P,116,81,80,18460,33103)(P,122,80,84,18460,34397)(S,123,84,85,20844,36781)(P,123,85,84,20844,39165)(S,125,84,87,22323,40644)(P,126,87,86,22323,41685)(P,127,86,88,22323,49695)(P,128,88,89,22323,50297)(P,130,89,255,22323,51180)(P,30,255,7,22323,52171)(P,3,7,6,22323,52992)(P,2,6,5,22323,53548)(P,1,5,1,22323,55408)(D,0,1,1,22323,55408)
1 7 21965 78971 64 (D,0,1,1,0,0)(P,1,1,5,0,1860)(P,2,5,6,0,2416)(P,3,6,7,0,3237)(P,30,7,255,0,4228)(P,130,255,89,0,5111)(P,128,89,88,0,5713)(P,127,88,86,0,13723)(P,126,86,87,0,14764)(S,148,87,101,1423,16187)(S,149,101,102,2138,16902)(S,150,102,103,2710,17474)(P,161,103,111,2710,17686)(S,160,111,102,3146,18122)(P,149,102,101,3146,18837)(P,148,101,87,3146,20260)(P,125,87,84,3146,21739)(P,122,84,80,3146,23033)(P,116,80,81,3146,23245)(P,117,81,72,3146,23528)(P,104,72,73,3146,26482)(S,108,73,75,3734,27070)(S,109,75,42,6213,29549)(S,75,42,55,8084,31420)(S,74,55,54,8314,31650)(S,73,54,53,8782,32118)(S,76,53,55,9444,32780)(P,74,55,54,9444,33010)(S,77,54,44,11003,34569)(S,62,44,14,14410,37976)(P,62,14,44,14410,41383)(P,77,44,54,14410,42942)(P,73,54,53,14410,43410)(P,78,53,56,14410,43955)(P,79,56,57,14410,44296)(P,86,57,61,14410,44664)(P,87,61,62,14410,45040)(S,106,62,74,17719,48349)(P,107,74,75,17719,48892)(P,110,75,76,17719,52139)(P,113,76,78,17719,55596)(S,114,78,79,18061,55938)(P,114,79,78,18061,56280)(P,113,78,76,18061,59737)(P,111,76,77,18061,60906)(P,112,77,40,18061,61928)(P,54,40,39,18061,62675)(P,53,39,38,18061,64697)(P,52,38,25,18061,65406)(P,26,25,24,18061,66967)(P,24,24,22,18061,67495)(P,21,22,20,18061,68014)(P,18,20,16,18061,68974)(P,12,16,5,18061,69364)(P,2,5,6,18061,69920)(S,3,6,7,18882,70741)(S,4,7,8,19488,71347)(S,5,8,9,21683,73542)(S,6,9,10,21965,73824)(P,6,10,9,21965,74106)(P,37,9,255,21965,74743)(P,30,255,7,21965,75734)(P,3,7,6,21965,76555)(P,2,6,5,21965,77111)(P,1,5,1,21965,78971)(D,0,1,1,21965,78971)
1 8 17246 33547 34 (D,0,1,1,0,0)(P,1,1,5,0,1860)(P,2,5,6,0,2416)(P,3,6,7,0,3237)(P,30,7,255,0,4228)(P,37,255,9,0,4865)(P,6,9,10,0,5147)(S,7,10,11,1834,6981)(S,8,11,12,2943,8090)(S,9,12,13,3534,8681)(S,10,13,14,6891,12038)(P,10,14,13,6891,15395)(S,51,13,37,7117,15621)(S,50,37,35,8011,16515)(S,46,35,34,8521,17025)(S,45,34,32,9067,17571)(S,41,32,31,10738,19242)(S,39,31,29,11297,19801)(S,34,29,27,12017,20521)(P,33,27,28,12017,21111)(S,35,28,29,12836,21930)(S,36,29,9,13630,22724)(S,37,9,255,14267,23361)(S,30,255,7,15258,24352)(S,17,7,19,15761,24855)(P,17,19,7,15761,25358)(P,30,7,255,15761,26349)(S,130,255,89,16644,27232)(S,128,89,88,17246,27834)(P,128,88,89,17246,28436)(P,130,89,255,17246,29319)(P,30,255,7,17246,30310)(P,3,7,6,17246,31131)(P,2,6,5,17246,31687)(P,1,5,1,17246,33547)(D,0,1,1,17246,33547)
1 9 21854 49526 31 (D,0,1,1,0,0)(P,1,1,5,0,1860)(P,2,5,6,0,2416)(P,3,6,7,0,3237)(P,30,7,255,0,4228)(P,130,255,89,0,5111)(P,128,89,88,0,5713)(S,127,88,86,8010,13723)(S,124,86,85,9617,15330)(P,124,85,86,9617,16937)(S,126,86,87,10658,17978)(P,148,87,101,10658,19401)(S,162,101,112,13865,22608)(S,163,112,113,14445,23188)(S,164,113,114,15649,24392)(S,165,114,111,17663,26406)(S,161,111,103,17875,26618)(S,151,103,104,20556,29299)(S,152,104,105,21854,30597)(P,153,105,106,21854,32048)(P,172,106,118,21854,33348)(P,173,118,117,21854,35627)(P,177,117,121,21854,38784)(P,178,121,122,21854,41544)(P,181,122,124,21854,42454)(P,183,124,125,21854,43940)(P,220,125,150,21854,44821)(P,222,150,255,21854,45298)(P,30,255,7,21854,46289)(P,3,7,6,21854,47110)(P,2,6,5,21854,47666)(P,1,5,1,21854,49526)(D,0,1,1,21854,49526)
1 10 21783 58075 43 (D,0,1,1,0,0)(P,1,1,5,0,1860)(P,2,5,6,0,2416)(P,3,6,7,0,3237)(P,30,7,255,0,4228)(P,222,255,150,0,4705)(P,220,150,125,0,5586)(P,183,125,124,0,7072)(P,181,124,122,0,7982)(P,178,122,121,0,10742)(P,177,121,117,0,13899)(P,173,117,118,0,16178)(P,172,118,106,0,17478)(P,153,106,105,0,18929)(S,153,105,106,1451,20380)(S,156,106,108,2081,21010)(S,155,108,107,2578,21507)(S,154,107,105,3560,22489)(P,154,105,107,3560,23471)(S,158,107,109,4638,24549)(S,157,109,108,5906,25817)(P,156,108,106,5906,26447)(S,172,106,118,7206,27747)(S,173,118,117,9485,30026)(S,171,117,116,14481,35022)(S,170,116,115,14785,35326)(S,167,115,113,17116,37657)(P,163,113,112,17116,38237)(S,168,112,99,19649,40770)(S,143,99,91,20411,41532)(P,132,91,92,20411,41982)(S,133,92,93,21274,42845)(S,134,93,94,21783,43354)(P,134,94,93,21783,43863)(P,142,93,97,21783,46925)(P,145,97,98,21783,47325)(P,186,98,127,21783,50808)(P,185,127,126,21783,52528)(P,219,126,150,21783,53370)(P,222,150,255,21783,53847)(P,30,255,7,21783,54838)(P,3,7,6,21783,55659)(P,2,6,5,21783,56215)(P,1,5,1,21783,58075)(D,0,1,1,21783,58075)
1 11 22415 49092 32 (D,0,1,1,0,0)(P,1,1,5,0,1860)(P,2,5,6,0,2416)(P,3,6,7,0,3237)(P,30,7,255,0,4228)(P,222,255,150,0,4705)(P,219,150,126,0,5547)(P,185,126,127,0,7267)(P,186,127,98,0,10750)(P,145,98,97,0,11150)(P,142,97,93,0,14212)(S,142,93,97,3062,17274)(S,141,97,96,5010,19222)(S,140,96,3,8841,23053)(P,140,3,96,8841,26884)(S,146,96,100,12502,30545)(S,147,100,2,14064,32107)(P,147,2,100,14064,33669)(S,191,100,131,14570,34175)(S,190,131,130,16803,36408)(S,189,130,129,17511,37116)(S,188,129,128,17815,37420)(S,187,128,127,18719,38324)(S,185,127,126,20439,40044)(S,184,126,125,20929,40534)(S,183,125,124,22415,42020)(P,183,124,125,22415,43506)(P,220,125,150,22415,44387)(P,222,150,255,22415,44864)(P,30,255,7,22415,45855)(P,3,7,6,22415,46676)(P,2,6,5,22415,47232)(P,1,5,1,22415,49092)(D,0,1,1,22415,49092)
1 12 23085 41308 26 (D,0,1,1,0,0)(P,1,1,5,0,1860)(P,2,5,6,0,2416)(P,3,6,7,0,3237)(P,30,7,255,0,4228)(P,222,255,150,0,4705)(P,220,150,125,0,5586)(P,183,125,124,0,7072)(S,181,124,122,910,7982)(S,178,122,121,3670,10742)(S,177,121,117,6827,13899)(S,175,117,119,7518,14590)(S,174,119,118,11440,18512)(P,173,118,117,11440,20791)(P,175,117,119,11440,21482)(S,176,119,120,18500,28542)(S,239,120,162,19028,29070)(S,238,162,156,20965,31007)(S,230,156,155,23085,33127)(P,228,155,152,23085,35503)(P,223,152,151,23085,36239)(P,221,151,150,23085,36603)(P,222,150,255,23085,37080)(P,30,255,7,23085,38071)(P,3,7,6,23085,38892)(P,2,6,5,23085,39448)(P,1,5,1,23085,41308)(D,0,1,1,23085,41308)
1 13 22396 49464 45 (D,0,1,1,0,0)(P,1,1,5,0,1860)(P,2,5,6,0,2416)(P,3,6,7,0,3237)(P,30,7,255,0,4228)(P,222,255,150,0,4705)(P,221,150,151,0,5069)(P,223,151,152,0,5805)(P,228,152,155,0,8181)(S,228,155,152,2376,10557)(S,223,152,151,3112,11293)(S,221,151,150,3476,11657)(S,218,150,141,4023,12204)(S,205,141,140,5161,13342)(S,204,140,139,5933,14114)(S,201,139,138,6184,14365)(S,200,138,137,6408,14589)(S,198,137,136,7786,15967)(S,197,136,135,9539,17720)(S,196,135,133,11127,19308)(S,194,133,132,13193,21374)(S,192,132,100,13765,21946)(P,191,100,131,13765,22452)(S,193,131,132,14070,22757)(P,194,132,133,14070,24823)(S,195,133,134,14342,25095)(P,195,134,133,14342,25367)(P,196,133,135,14342,26955)(S,214,135,147,15748,28361)(S,213,147,146,17560,30173)(S,211,146,145,20945,33558)(S,210,145,143,22396,35009)(P,210,143,145,22396,36460)(P,211,145,146,22396,39845)(P,212,146,136,22396,40449)(P,198,136,137,22396,41827)(P,200,137,138,22396,42051)(P,201,138,139,22396,42302)(P,204,139,140,22396,43074)(P,205,140,141,22396,44212)(P,218,141,150,22396,44759)(P,222,150,255,22396,45236)(P,30,255,7,22396,46227)(P,3,7,6,22396,47048)(P,2,6,5,22396,47604)(P,1,5,1,22396,49464)(D,0,1,1,22396,49464)
1 14 21718 50001 35 (D,0,1,1,0,0)(P,1,1,5,0,1860)(P,2,5,6,0,2416)(P,3,6,7,0,3237)(P,30,7,255,0,4228)(P,222,255,150,0,4705)(P,218,150,141,0,5252)(P,205,141,140,0,6390)(P,204,140,139,0,7162)(P,201,139,138,0,7413)(P,200,138,137,0,7637)(P,198,137,136,0,9015)(P,212,136,146,0,9619)(P,211,146,145,0,13004)(P,210,145,143,0,14455)(S,209,143,144,2703,17158)(P,209,144,143,2703,19861)(S,208,143,142,12350,29508)(S,206,142,140,12744,29902)(P,206,140,142,12744,30296)(S,207,142,141,14052,31604)(P,218,141,150,14052,32151)(S,219,150,126,14894,32993)(P,184,126,125,14894,33483)(S,220,125,150,15775,34364)(S,222,150,255,16252,34841)(S,256,255,171,17293,35882)(S,253,171,170,18264,36853)(S,252,170,120,21718,40307)(P,252,120,170,21718,43761)(P,253,170,171,21718,44732)(P,256,171,255,21718,45773)(P,30,255,7,21718,46764)(P,3,7,6,21718,47585)(P,2,6,5,21718,48141)(P,1,5,1,21718,50001)(D,0,1,1,21718,50001)
1 15 22639 50856 36 (D,0,1,1,0,0)(P,1,1,5,0,1860)(P,2,5,6,0,2416)(P,3,6,7,0,3237)(P,30,7,255,0,4228)(P,256,255,171,0,5269)(P,253,171,170,0,6240)(P,252,170,120,0,9694)(P,239,120,162,0,10222)(S,240,162,163,2444,12666)(S,241,163,157,4652,14874)(S,231,157,156,5947,16169)(P,231,156,157,5947,17464)(S,232,157,154,9121,20638)(S,227,154,153,9621,21138)(S,225,153,151,10874,22391)(P,223,151,152,10874,23127)(S,224,152,125,11845,24098)(P,224,125,152,11845,25069)(S,226,152,153,12481,25705)(P,227,153,154,12481,26205)(S,233,154,158,14245,27969)(S,234,158,159,14579,28303)(S,236,159,160,15669,29393)(S,235,160,158,17321,31045)(P,234,158,159,17321,31379)(S,237,159,161,22639,36697)(P,242,161,157,22639,40860)(P,232,157,154,22639,44034)(P,227,154,153,22639,44534)(P,225,153,151,22639,45787)(P,221,151,150,22639,46151)(P,222,150,255,22639,46628)(P,30,255,7,22639,47619)(P,3,7,6,22639,48440)(P,2,6,5,22639,48996)(P,1,5,1,22639,50856)(D,0,1,1,22639,50856)
1 16 22793 64039 45 (D,0,1,1,0,0)(P,1,1,5,0,1860)(P,2,5,6,0,2416)(P,3,6,7,0,3237)(P,30,7,255,0,4228)(P,222,255,150,0,4705)(P,221,150,151,0,5069)(P,225,151,153,0,6322)(P,227,153,154,0,6822)(P,232,154,157,0,9996)(P,242,157,161,0,14159)(S,242,161,157,4163,18322)(P,241,157,163,4163,20530)(S,248,163,167,4801,21168)(S,247,167,166,5992,22359)(S,246,166,165,7106,23473)(S,244,165,164,7889,24256)(S,243,164,161,8539,24906)(S,245,161,165,9106,25473)(P,244,165,164,9106,26256)(S,251,164,169,15667,32817)(P,251,169,164,15667,39378)(P,244,164,165,15667,40161)(P,246,165,166,15667,41275)(S,258,166,175,16363,41971)(S,259,175,176,17222,42830)(S,260,176,168,17493,43101)(S,249,168,167,18399,44007)(P,248,167,163,18399,44645)(S,250,163,168,19873,46119)(P,260,168,176,19873,46390)(S,261,176,177,21197,47714)(S,262,177,175,22793,49310)(P,258,175,166,22793,50006)(P,247,166,167,22793,51197)(P,248,167,163,22793,51835)(P,241,163,157,22793,54043)(P,232,157,154,22793,57217)(P,227,154,153,22793,57717)(P,225,153,151,22793,58970)(P,221,151,150,22793,59334)(P,222,150,255,22793,59811)(P,30,255,7,22793,60802)(P,3,7,6,22793,61623)(P,2,6,5,22793,62179)(P,1,5,1,22793,64039)(D,0,1,1,22793,64039)
1 17 20332 43232 34 (D,0,1,1,0,0)(P,1,1,5,0,1860)(P,2,5,6,0,2416)(P,3,6,7,0,3237)(P,30,7,255,0,4228)(P,222,255,150,0,4705)(P,221,150,151,0,5069)(P,225,151,153,0,6322)(P,227,153,154,0,6822)(P,232,154,157,0,9996)(P,241,157,163,0,12204)(P,248,163,167,0,12842)(P,247,167,166,0,14033)(S,263,166,178,3419,17452)(S,264,178,179,5401,19434)(S,265,179,180,7474,21507)(S,266,180,177,8836,22869)(S,268,177,181,10922,24955)(S,267,181,180,11879,25912)(P,267,180,181,11879,26869)(S,269,181,182,12627,27617)(S,270,182,174,13858,28848)(S,257,174,170,18662,33652)(P,253,170,171,18662,34623)(S,254,171,172,19548,35509)(S,255,172,173,19978,35939)(P,255,173,172,19978,36369)(P,254,172,171,19978,37255)(P,256,171,255,19978,38296)(S,343,255,233,20332,38650)(P,343,233,255,20332,39004)(P,30,255,7,20332,39995)(P,3,7,6,20332,40816)(P,2,6,5,20332,41372)(P,1,5,1,20332,43232)(D,0,1,1,20332,43232)
1 18 22435 49066 35 (D,0,1,1,0,0)(P,1,1,5,0,1860)(P,2,5,6,0,2416)(P,3,6,7,0,3237)(P,30,7,255,0,4228)(P,343,255,233,0,4582)(S,341,233,232,4093,8675)(S,340,232,231,5505,10087)(S,338,231,230,5831,10413)(S,337,230,229,6249,10831)(S,336,229,223,8929,13511)(S,328,223,222,9624,14206)(S,327,222,221,10156,14738)(S,326,221,215,14823,19405)(S,318,215,213,16384,20966)(S,316,213,206,18084,22666)(S,307,206,201,18967,23549)(S,298,201,200,19917,24499)(S,297,200,199,22435,27017)(P,296,199,196,22435,30093)(P,290,196,195,22435,30385)(P,289,195,194,22435,30761)(P,362,194,244,22435,31959)(P,361,244,245,22435,32579)(P,367,245,248,22435,35483)(P,368,248,249,22435,36107)(P,370,249,250,22435,37947)(P,372,250,229,22435,38759)(P,339,229,231,22435,38979)(P,340,231,232,22435,40391)(P,341,232,233,22435,44484)(P,343,233,255,22435,44838)(P,30,255,7,22435,45829)(P,3,7,6,22435,46650)(P,2,6,5,22435,47206)(P,1,5,1,22435,49066)(D,0,1,1,22435,49066)
1 19 22119 59650 42 (D,0,1,1,0,0)(P,1,1,5,0,1860)(P,2,5,6,0,2416)(P,3,6,7,0,3237)(P,30,7,255,0,4228)(P,343,255,233,0,4582)(P,341,233,232,0,8675)(P,340,232,231,0,10087)(P,339,231,229,0,10307)(P,372,229,250,0,11119)(P,370,250,249,0,12959)(P,368,249,248,0,13583)(P,367,248,245,0,16487)(P,361,245,244,0,17107)(P,362,244,194,0,18305)(P,289,194,195,0,18681)(P,290,195,196,0,18973)(P,296,196,199,0,22049)(S,295,199,198,3240,25289)(S,293,198,197,3549,25598)(S,291,197,195,3850,25899)(S,289,195,194,4226,26275)(S,288,194,190,7477,29526)(S,283,190,189,10042,32091)(S,282,189,188,10797,32846)(S,280,188,187,13909,35958)(S,278,187,184,15361,37410)(S,273,184,179,17092,39141)(S,272,179,183,18408,40457)(S,271,183,174,19191,41240)(S,281,174,188,21327,43376)(P,282,188,189,21327,44131)(S,284,189,191,22119,44923)(P,284,191,189,22119,45715)(P,282,189,188,22119,46470)(P,281,188,174,22119,48606)(P,257,174,170,22119,53410)(P,253,170,171,22119,54381)(P,256,171,255,22119,55422)(P,30,255,7,22119,56413)(P,3,7,6,22119,57234)(P,2,6,5,22119,57790)(P,1,5,1,22119,59650)(D,0,1,1,22119,59650)
1 20 18807 50181 36 (D,0,1,1,0,0)(P,1,1,5,0,1860)(P,2,5,6,0,2416)(P,3,6,7,0,3237)(P,30,7,255,0,4228)(P,256,255,171,0,5269)(P,253,171,170,0,6240)(P,257,170,174,0,11044)(P,281,174,188,0,13180)(P,282,188,189,0,13935)(P,284,189,191,0,14727)(S,285,191,192,1231,15958)(S,287,192,193,1813,16540)(S,286,193,191,2903,17630)(P,286,191,193,2903,18720)(S,349,193,238,3804,19621)(S,348,238,236,5473,21290)(S,346,236,235,7118,22935)(S,345,235,230,10563,26380)(P,338,230,231,10563,26706)(S,339,231,229,10783,26926)(S,372,229,250,11595,27738)(S,370,250,249,13435,29578)(S,368,249,248,14059,30202)(S,366,248,247,16127,32270)(S,365,247,246,18807,34950)(P,365,246,247,18807,37630)(P,371,247,250,18807,39062)(P,372,250,229,18807,39874)(P,339,229,231,18807,40094)(P,340,231,232,18807,41506)(P,341,232,233,18807,45599)(P,343,233,255,18807,45953)(P,30,255,7,18807,46944)(P,3,7,6,18807,47765)(P,2,6,5,18807,48321)(P,1,5,1,18807,50181)(D,0,1,1,18807,50181)
1 21 22290 55085 36 (D,0,1,1,0,0)(P,1,1,5,0,1860)(P,2,5,6,0,2416)(P,3,6,7,0,3237)(P,30,7,255,0,4228)(P,343,255,233,0,4582)(P,341,233,232,0,8675)(P,340,232,231,0,10087)(P,339,231,229,0,10307)(P,372,229,250,0,11119)(P,371,250,247,0,12551)(P,365,247,246,0,15231)(S,363,246,245,5203,20434)(S,360,245,243,6955,22186)(S,357,243,242,8645,23876)(S,355,242,241,9893,25124)(S,353,241,240,12773,28004)(S,352,240,235,14978,30209)(S,351,235,239,16404,31635)(S,350,239,238,17481,32712)(P,350,238,239,17481,33789)(S,354,239,241,18873,35181)(S,358,241,243,20090,36398)(S,359,243,244,21670,37978)(S,361,244,245,22290,38598)(P,367,245,248,22290,41502)(P,368,248,249,22290,42126)(P,370,249,250,22290,43966)(P,372,250,229,22290,44778)(P,339,229,231,22290,44998)(P,340,231,232,22290,46410)(P,341,232,233,22290,50503)(P,343,233,255,22290,50857)(P,30,255,7,22290,51848)(P,3,7,6,22290,52669)(P,2,6,5,22290,53225)(P,1,5,1,22290,55085)(D,0,1,1,22290,55085)
1 22 17409 58688 43 (D,0,1,1,0,0)(P,1,1,5,0,1860)(P,2,5,6,0,2416)(P,3,6,7,0,3237)(P,30,7,255,0,4228)(P,343,255,233,0,4582)(P,341,233,232,0,8675)(P,340,232,231,0,10087)(P,339,231,229,0,10307)(P,372,229,250,0,11119)(P,370,250,249,0,12959)(P,368,249,248,0,13583)(P,367,248,245,0,16487)(S,367,245,248,2904,19391)(P,368,248,249,2904,20015)(S,369,249,240,3780,20891)(P,369,240,249,3780,21767)(P,370,249,250,3780,23607)(S,371,250,247,5212,25039)(S,373,247,222,8069,27896)(S,330,222,225,9000,28827)(S,331,225,224,9545,29372)(S,329,224,221,11261,31088)(P,327,221,222,11261,31620)(P,328,222,223,11261,32315)(S,333,223,225,12331,33385)(P,331,225,224,12331,33930)(S,332,224,226,13076,34675)(P,332,226,224,13076,35420)(P,331,224,225,13076,35965)(P,333,225,223,13076,37035)(S,334,223,227,14209,38168)(S,335,227,228,17409,41368)(P,335,228,227,17409,44568)(P,334,227,223,17409,45701)(P,336,223,229,17409,48381)(P,339,229,231,17409,48601)(P,340,231,232,17409,50013)(P,341,232,233,17409,54106)(P,343,233,255,17409,54460)(P,30,255,7,17409,55451)(P,3,7,6,17409,56272)(P,2,6,5,17409,56828)(P,1,5,1,17409,58688)(D,0,1,1,17409,58688)
1 23 20359 52925 51 (D,0,1,1,0,0)(P,1,1,5,0,1860)(P,2,5,6,0,2416)(P,3,6,7,0,3237)(P,30,7,255,0,4228)(P,343,255,233,0,4582)(P,341,233,232,0,8675)(S,344,232,234,7275,15950)(S,342,234,233,11282,19957)(P,343,233,255,11282,20311)(P,130,255,89,11282,21194)(S,129,89,90,12177,22089)(P,129,90,89,12177,22984)(P,130,89,255,12177,23867)(P,37,255,9,12177,24504)(P,6,9,10,12177,24786)(S,38,10,30,12675,25284)(S,40,30,31,13058,25667)(P,40,31,30,13058,26050)(S,43,30,33,14431,27423)(S,42,33,32,14851,27843)(P,42,32,33,14851,28263)(S,44,33,11,14981,28393)(P,44,11,33,14981,28523)(S,48,33,36,15405,28947)(S,47,36,35,15768,29310)(P,47,35,36,15768,29673)(S,49,36,12,16441,30346)(P,49,12,36,16441,31019)(P,47,36,35,16441,31382)(P,46,35,34,16441,31892)(S,56,34,41,18974,34425)(P,56,41,34,18974,36958)(P,45,34,32,18974,37504)(P,42,32,33,18974,37924)(P,43,33,30,18974,39297)(P,38,30,10,18974,39795)(P,6,10,9,18974,40077)(P,37,9,255,18974,40714)(P,222,255,150,18974,41191)(P,220,150,125,18974,42072)(P,183,125,124,18974,43558)(S,182,124,123,19516,44100)(S,179,123,122,20359,44943)(P,181,122,124,20359,45853)(P,183,124,125,20359,47339)(P,220,125,150,20359,48220)(P,222,150,255,20359,48697)(P,30,255,7,20359,49688)(P,3,7,6,20359,50509)(P,2,6,5,20359,51065)(P,1,5,1,20359,52925)(D,0,1,1,20359,52925)
1 24 20010 47569 43 (D,0,1,1,0,0)(P,1,1,5,0,1860)(P,2,5,6,0,2416)(P,3,6,7,0,3237)(P,30,7,255,0,4228)(P,222,255,150,0,4705)(P,220,150,125,0,5586)(P,183,125,124,0,7072)(P,182,124,123,0,7614)(S,180,123,116,4529,12143)(P,170,116,115,4529,12447)(S,169,115,99,6500,14418)(S,144,99,98,10937,18855)(S,145,98,97,11337,19255)(P,145,97,98,11337,19655)(S,186,98,127,14820,23138)(P,187,127,128,14820,24042)(S,203,128,139,15409,24631)(P,201,139,138,15409,24882)(S,202,138,129,15833,25306)(P,202,129,138,15833,25730)(P,200,138,137,15833,25954)(S,199,137,130,16380,26501)(P,199,130,137,16380,27048)(P,198,137,136,16380,28426)(S,212,136,146,16984,29030)(P,213,146,147,16984,30842)(S,215,147,148,18517,32375)(S,216,148,149,19214,33072)(P,216,149,148,19214,33769)(S,217,148,145,20010,34565)(P,211,145,146,20010,37950)(P,212,146,136,20010,38554)(P,198,136,137,20010,39932)(P,200,137,138,20010,40156)(P,201,138,139,20010,40407)(P,204,139,140,20010,41179)(P,205,140,141,20010,42317)(P,218,141,150,20010,42864)(P,222,150,255,20010,43341)(P,30,255,7,20010,44332)(P,3,7,6,20010,45153)(P,2,6,5,20010,45709)(P,1,5,1,20010,47569)(D,0,1,1,20010,47569)
1 25 21019 88324 61 (D,0,1,1,0,0)(P,1,1,5,0,1860)(P,2,5,6,0,2416)(P,3,6,7,0,3237)(P,30,7,255,0,4228)(P,222,255,150,0,4705)(P,221,150,151,0,5069)(P,223,151,152,0,5805)(P,228,152,155,0,8181)(S,229,155,121,4308,12489)(P,177,121,117,4308,15646)(P,173,117,118,4308,17925)(P,172,118,106,4308,19225)(P,156,106,108,4308,19855)(P,157,108,109,4308,21123)(S,159,109,110,6032,22847)(P,159,110,109,6032,24571)(P,158,109,107,6032,25649)(P,154,107,105,6032,26631)(P,152,105,104,6032,27929)(S,166,104,114,9124,31021)(P,164,114,113,9124,32225)(P,167,113,115,9124,34556)(P,170,115,116,9124,34860)(P,180,116,123,9124,39389)(P,182,123,124,9124,39931)(P,183,124,125,9124,41417)(P,220,125,150,9124,42298)(P,222,150,255,9124,42775)(P,256,255,171,9124,43816)(P,253,171,170,9124,44787)(P,257,170,174,9124,49591)(P,271,174,183,9124,50374)(P,272,183,179,9124,51690)(P,273,179,184,9124,53421)(S,274,184,185,10623,54920)(S,275,185,178,12882,57179)(P,275,178,185,12882,59438)(S,276,185,186,15991,62547)(S,279,186,187,17260,63816)(P,279,187,186,17260,65085)(S,292,186,197,20521,68346)(P,291,197,195,20521,68647)(S,290,195,196,20813,68939)(S,294,196,198,21019,69145)(P,294,198,196,21019,69351)(P,290,196,195,21019,69643)(P,289,195,194,21019,70019)(P,362,194,244,21019,71217)(P,361,244,245,21019,71837)(P,367,245,248,21019,74741)(P,368,248,249,21019,75365)(P,370,249,250,21019,77205)(P,372,250,229,21019,78017)(P,339,229,231,21019,78237)(P,340,231,232,21019,79649)(P,341,232,233,21019,83742)(P,343,233,255,21019,84096)(P,30,255,7,21019,85087)(P,3,7,6,21019,85908)(P,2,6,5,21019,86464)(P,1,5,1,21019,88324)(D,0,1,1,21019,88324)
1 26 22545 67038 43 (D,0,1,1,0,0)(P,1,1,5,0,1860)(P,2,5,6,0,2416)(P,3,6,7,0,3237)(P,30,7,255,0,4228)(P,343,255,233,0,4582)(P,341,233,232,0,8675)(P,340,232,231,0,10087)(P,339,231,229,0,10307)(P,372,229,250,0,11119)(P,370,250,249,0,12959)(P,368,249,248,0,13583)(P,367,248,245,0,16487)(P,361,245,244,0,17107)(P,362,244,194,0,18305)(P,289,194,195,0,18681)(P,290,195,196,0,18973)(S,296,196,199,3076,22049)(P,297,199,200,3076,24567)(S,299,200,202,4013,25504)(S,300,202,201,4415,25906)(P,300,201,202,4415,26308)(S,301,202,203,5959,27852)(S,302,203,204,8741,30634)(S,305,204,252,10352,32245)(S,304,252,251,12589,34482)(S,303,251,203,17793,39686)(P,302,203,204,17793,42468)(S,306,204,205,20056,44731)(S,308,205,206,22545,47220)(P,316,206,213,22545,48920)(P,318,213,215,22545,50481)(P,364,215,246,22545,51807)(P,365,246,247,22545,54487)(P,371,247,250,22545,55919)(P,372,250,229,22545,56731)(P,339,229,231,22545,56951)(P,340,231,232,22545,58363)(P,341,232,233,22545,62456)(P,343,233,255,22545,62810)(P,30,255,7,22545,63801)(P,3,7,6,22545,64622)(P,2,6,5,22545,65178)(P,1,5,1,22545,67038)(D,0,1,1,22545,67038)
1 27 19836 72194 46 (D,0,1,1,0,0)(P,1,1,5,0,1860)(P,2,5,6,0,2416)(P,3,6,7,0,3237)(P,30,7,255,0,4228)(P,343,255,233,0,4582)(P,341,233,232,0,8675)(P,340,232,231,0,10087)(P,339,231,229,0,10307)(P,372,229,250,0,11119)(P,371,250,247,0,12551)(P,365,247,246,0,15231)(P,364,246,215,0,16557)(P,318,215,213,0,18118)(S,317,213,214,1250,19368)(S,319,214,215,2515,20633)(S,364,215,246,3841,21959)(P,364,246,215,3841,23285)(P,319,215,214,3841,24550)(S,320,214,216,10241,30950)(S,321,216,217,12526,33235)(S,375,217,254,12907,33616)(S,322,254,218,14736,35445)(S,323,218,219,16395,37104)(S,324,219,220,17715,38424)(P,324,220,219,17715,39744)(S,325,219,216,19061,41090)(P,321,216,217,19061,43375)(P,375,217,254,19061,43756)(S,374,254,212,19836,44531)(P,374,212,254,19836,45306)(P,375,254,217,19836,45687)(P,321,217,216,19836,47972)(P,320,216,214,19836,54372)(P,319,214,215,19836,55637)(P,364,215,246,19836,56963)(P,365,246,247,19836,59643)(P,371,247,250,19836,61075)(P,372,250,229,19836,61887)(P,339,229,231,19836,62107)(P,340,231,232,19836,63519)(P,341,232,233,19836,67612)(P,343,233,255,19836,67966)(P,30,255,7,19836,68957)(P,3,7,6,19836,69778)(P,2,6,5,19836,70334)(P,1,5,1,19836,72194)(D,0,1,1,19836,72194)
