The random seed is 1592063820.
There are 255 vertices, 375 tasks, and the capacities of vehicles is 16700.

The max number of idle iteration of generating individual: 1000
Beta: 0.900000
The max iteration of k-means: 200
The algorithm stop at the 2656th iteration
The algorith took 1600997 clicks (1600.997000 seconds).
The best searched solution with total cost 2219666 :
1 1 16547 31921 24 (D,0,1,1,0,0)(S,1,1,5,1860,1860)(S,2,5,6,2416,2416)(S,3,6,7,3237,3237)(S,4,7,8,3843,3843)(S,5,8,9,6038,6038)(S,6,9,10,6320,6320)(S,7,10,11,8154,8154)(S,8,11,12,9263,9263)(S,9,12,13,9854,9854)(S,10,13,14,13211,13211)(S,11,14,15,15133,15133)(S,63,15,45,16547,16547)(P,63,45,15,16547,17961)(P,11,15,14,16547,19883)(P,10,14,13,16547,23240)(P,9,13,12,16547,23831)(P,8,12,11,16547,24940)(P,7,11,10,16547,26774)(P,6,10,9,16547,27056)(P,37,9,255,16547,27693)(P,30,255,7,16547,28684)(P,3,7,6,16547,29505)(P,2,6,5,16547,30061)(P,1,5,1,16547,31921)(D,0,1,1,16547,31921)
1 2 15584 44325 35 (D,0,1,1,0,0)(P,1,1,5,0,1860)(P,2,5,6,0,2416)(P,3,6,7,0,3237)(P,30,7,255,0,4228)(P,37,255,9,0,4865)(P,6,9,10,0,5147)(P,7,10,11,0,6981)(P,8,11,12,0,8090)(P,9,12,13,0,8681)(P,10,13,14,0,12038)(P,11,14,15,0,13960)(P,63,15,45,0,15374)(S,64,45,46,2781,18155)(S,65,46,47,3625,18999)(P,65,47,46,3625,19843)(S,66,46,48,4399,20617)(S,67,48,49,4952,21170)(S,68,49,46,6183,22401)(P,66,46,48,6183,23175)(S,94,48,4,7057,24049)(S,92,4,66,9619,26611)(S,91,66,65,11951,28943)(S,90,65,64,12471,29463)(S,89,64,60,13594,30586)(S,84,60,59,13952,30944)(S,82,59,58,14276,31268)(S,80,58,57,14698,31690)(S,79,57,56,15039,32031)(S,78,56,53,15584,32576)(P,76,53,55,15584,33238)(P,75,55,42,15584,35109)(P,57,42,39,15584,38753)(P,53,39,38,15584,40775)(P,52,38,25,15584,41484)(P,27,25,1,15584,44325)(D,0,1,1,15584,44325)
1 3 16396 46679 28 (D,0,1,1,0,0)(P,27,1,25,0,2841)(P,52,25,38,0,3550)(P,53,38,39,0,5572)(P,57,39,42,0,9216)(P,75,42,55,0,11087)(P,76,55,53,0,11749)(S,72,53,52,1254,13003)(S,71,52,51,2444,14193)(S,70,51,50,3930,15679)(S,69,50,49,4971,16720)(P,69,49,50,4971,17761)(S,93,50,4,7162,19952)(P,92,4,66,7162,22514)(S,96,66,67,11185,26537)(S,95,67,64,14486,29838)(P,89,64,60,14486,30961)(S,85,60,51,15562,32037)(P,71,51,52,15562,33227)(S,83,52,59,16064,33729)(P,82,59,58,16064,34053)(S,81,58,56,16396,34385)(P,78,56,53,16396,34930)(P,76,53,55,16396,35592)(P,75,55,42,16396,37463)(P,57,42,39,16396,41107)(P,53,39,38,16396,43129)(P,52,38,25,16396,43838)(P,27,25,1,16396,46679)(D,0,1,1,16396,46679)
1 4 16527 48751 32 (D,0,1,1,0,0)(P,27,1,25,0,2841)(P,52,25,38,0,3550)(P,53,38,39,0,5572)(P,57,39,42,0,9216)(P,75,42,55,0,11087)(P,76,55,53,0,11749)(P,78,53,56,0,12294)(P,79,56,57,0,12635)(S,86,57,61,368,13003)(S,87,61,62,744,13379)(S,88,62,63,2413,15048)(S,102,63,70,5344,17979)(S,99,70,69,6445,19080)(S,98,69,68,8226,20861)(S,97,68,67,12635,25270)(P,97,67,68,12635,29679)(S,136,68,94,14705,31749)(S,134,94,93,15214,32258)(S,133,93,92,16077,33121)(S,132,92,91,16527,33571)(P,143,91,99,16527,34333)(P,169,99,115,16527,36304)(P,170,115,116,16527,36608)(P,180,116,123,16527,41137)(P,182,123,124,16527,41679)(P,183,124,125,16527,43165)(P,220,125,150,16527,44046)(P,222,150,255,16527,44523)(P,30,255,7,16527,45514)(P,3,7,6,16527,46335)(P,2,6,5,16527,46891)(P,1,5,1,16527,48751)(D,0,1,1,16527,48751)
1 5 16674 43549 24 (D,0,1,1,0,0)(P,1,1,5,0,1860)(P,2,5,6,0,2416)(P,3,6,7,0,3237)(P,30,7,255,0,4228)(P,222,255,150,0,4705)(P,220,150,125,0,5586)(P,183,125,124,0,7072)(P,182,124,123,0,7614)(P,180,123,116,0,12143)(P,170,116,115,0,12447)(P,169,115,99,0,14418)(P,143,99,91,0,15180)(S,131,91,83,2892,18072)(S,120,83,82,3314,18494)(S,118,82,81,5039,20219)(S,116,81,80,5251,20431)(S,115,80,78,9970,25150)(S,113,78,76,13427,28607)(S,110,76,75,16674,31854)(P,109,75,42,16674,34333)(P,57,42,39,16674,37977)(P,53,39,38,16674,39999)(P,52,38,25,16674,40708)(P,27,25,1,16674,43549)(D,0,1,1,16674,43549)
1 6 15747 45135 31 (D,0,1,1,0,0)(P,27,1,25,0,2841)(P,52,25,38,0,3550)(P,53,38,39,0,5572)(P,57,39,42,0,9216)(P,109,42,75,0,11695)(S,107,75,74,543,12238)(S,105,74,73,1120,12815)(S,104,73,72,4074,15769)(S,103,72,71,5687,17382)(S,100,71,69,6250,17945)(P,100,69,71,6250,18508)(S,101,71,70,7234,19492)(P,101,70,71,7234,20476)(S,119,71,82,8508,21750)(P,120,82,83,8508,22172)(S,121,83,84,10179,23843)(S,122,84,80,11473,25137)(P,116,80,81,11473,25349)(S,117,81,72,11756,25632)(P,117,72,81,11756,25915)(P,116,81,80,11756,26127)(P,122,80,84,11756,27421)(S,123,84,85,14140,29805)(S,124,85,86,15747,31412)(P,127,86,88,15747,39422)(P,128,88,89,15747,40024)(P,130,89,255,15747,40907)(P,30,255,7,15747,41898)(P,3,7,6,15747,42719)(P,2,6,5,15747,43275)(P,1,5,1,15747,45135)(D,0,1,1,15747,45135)
1 7 16415 49407 35 (D,0,1,1,0,0)(P,1,1,5,0,1860)(P,2,5,6,0,2416)(P,3,6,7,0,3237)(P,30,7,255,0,4228)(P,130,255,89,0,5111)(P,128,89,88,0,5713)(P,127,88,86,0,13723)(S,126,86,87,1041,14764)(S,125,87,84,2520,16243)(P,125,84,87,2520,17722)(S,148,87,101,3943,19145)(S,149,101,102,4658,19860)(S,150,102,103,5230,20432)(S,151,103,104,7911,23113)(S,152,104,105,9209,24411)(S,153,105,106,10660,25862)(S,156,106,108,11290,26492)(S,155,108,107,11787,26989)(S,154,107,105,12769,27971)(P,154,105,107,12769,28953)(S,158,107,109,13847,30031)(S,157,109,108,15115,31299)(P,156,108,106,15115,31929)(S,172,106,118,16415,33229)(P,173,118,117,16415,35508)(P,177,117,121,16415,38665)(P,178,121,122,16415,41425)(P,181,122,124,16415,42335)(P,183,124,125,16415,43821)(P,220,125,150,16415,44702)(P,222,150,255,16415,45179)(P,30,255,7,16415,46170)(P,3,7,6,16415,46991)(P,2,6,5,16415,47547)(P,1,5,1,16415,49407)(D,0,1,1,16415,49407)
1 8 16359 49446 34 (D,0,1,1,0,0)(P,1,1,5,0,1860)(P,2,5,6,0,2416)(P,3,6,7,0,3237)(P,30,7,255,0,4228)(P,222,255,150,0,4705)(P,220,150,125,0,5586)(P,183,125,124,0,7072)(P,181,124,122,0,7982)(P,178,122,121,0,10742)(P,177,121,117,0,13899)(P,173,117,118,0,16178)(S,173,118,117,2279,18457)(S,171,117,116,7275,23453)(S,170,116,115,7579,23757)(S,167,115,113,9910,26088)(S,163,113,112,10490,26668)(S,162,112,101,13697,29875)(P,149,101,102,13697,30590)(S,160,102,111,14133,31026)(S,161,111,103,14345,31238)(P,161,103,111,14345,31450)(S,165,111,114,16359,33464)(P,164,114,113,16359,34668)(P,167,113,115,16359,36999)(P,170,115,116,16359,37303)(P,180,116,123,16359,41832)(P,182,123,124,16359,42374)(P,183,124,125,16359,43860)(P,220,125,150,16359,44741)(P,222,150,255,16359,45218)(P,30,255,7,16359,46209)(P,3,7,6,16359,47030)(P,2,6,5,16359,47586)(P,1,5,1,16359,49446)(D,0,1,1,16359,49446)
1 9 13814 49145 33 (D,0,1,1,0,0)(P,1,1,5,0,1860)(P,2,5,6,0,2416)(P,3,6,7,0,3237)(P,30,7,255,0,4228)(P,222,255,150,0,4705)(P,220,150,125,0,5586)(P,183,125,124,0,7072)(P,182,124,123,0,7614)(P,180,123,116,0,12143)(P,170,116,115,0,12447)(P,167,115,113,0,14778)(P,164,113,114,0,15982)(S,164,114,113,1204,17186)(P,163,113,112,1204,17766)(S,168,112,99,3737,20299)(S,143,99,91,4499,21061)(P,132,91,92,4499,21511)(S,135,92,94,4892,21904)(S,137,94,95,7355,24367)(S,138,95,68,8745,25757)(P,138,68,95,8745,27147)(S,139,95,3,13814,32216)(P,140,3,96,13814,36047)(P,141,96,97,13814,37995)(P,145,97,98,13814,38395)(P,186,98,127,13814,41878)(P,185,127,126,13814,43598)(P,219,126,150,13814,44440)(P,222,150,255,13814,44917)(P,30,255,7,13814,45908)(P,3,7,6,13814,46729)(P,2,6,5,13814,47285)(P,1,5,1,13814,49145)(D,0,1,1,13814,49145)
1 10 13678 43832 28 (D,0,1,1,0,0)(P,1,1,5,0,1860)(P,2,5,6,0,2416)(P,3,6,7,0,3237)(P,30,7,255,0,4228)(P,222,255,150,0,4705)(P,219,150,126,0,5547)(P,185,126,127,0,7267)(P,186,127,98,0,10750)(P,145,98,97,0,11150)(P,141,97,96,0,13098)(P,140,96,3,0,16929)(S,140,3,96,3831,20760)(S,141,96,97,5779,22708)(S,142,97,93,8841,25770)(P,133,93,92,8841,26633)(P,132,92,91,8841,27083)(P,143,91,99,8841,27845)(S,144,99,98,13278,32282)(S,145,98,97,13678,32682)(P,145,97,98,13678,33082)(P,186,98,127,13678,36565)(P,185,127,126,13678,38285)(P,219,126,150,13678,39127)(P,222,150,255,13678,39604)(P,30,255,7,13678,40595)(P,3,7,6,13678,41416)(P,2,6,5,13678,41972)(P,1,5,1,13678,43832)(D,0,1,1,13678,43832)
1 11 14697 40037 27 (D,0,1,1,0,0)(P,1,1,5,0,1860)(P,2,5,6,0,2416)(P,3,6,7,0,3237)(P,30,7,255,0,4228)(P,222,255,150,0,4705)(P,219,150,126,0,5547)(P,185,126,127,0,7267)(P,186,127,98,0,10750)(S,186,98,127,3483,14233)(S,185,127,126,5203,15953)(S,184,126,125,5693,16443)(S,183,125,124,7179,17929)(S,181,124,122,8089,18839)(S,178,122,121,10849,21599)(S,177,121,117,14006,24756)(S,175,117,119,14697,25447)(P,175,119,117,14697,26138)(P,177,117,121,14697,29295)(P,178,121,122,14697,32055)(P,181,122,124,14697,32965)(P,183,124,125,14697,34451)(P,220,125,150,14697,35332)(P,222,150,255,14697,35809)(P,30,255,7,14697,36800)(P,3,7,6,14697,37621)(P,2,6,5,14697,38177)(P,1,5,1,14697,40037)(D,0,1,1,14697,40037)
1 12 15567 41308 26 (D,0,1,1,0,0)(P,1,1,5,0,1860)(P,2,5,6,0,2416)(P,3,6,7,0,3237)(P,30,7,255,0,4228)(P,222,255,150,0,4705)(P,220,150,125,0,5586)(P,183,125,124,0,7072)(P,181,124,122,0,7982)(P,178,122,121,0,10742)(P,177,121,117,0,13899)(P,175,117,119,0,14590)(S,174,119,118,3922,18512)(P,173,118,117,3922,20791)(P,175,117,119,3922,21482)(S,176,119,120,10982,28542)(S,239,120,162,11510,29070)(S,238,162,156,13447,31007)(S,230,156,155,15567,33127)(P,228,155,152,15567,35503)(P,223,152,151,15567,36239)(P,221,151,150,15567,36603)(P,222,150,255,15567,37080)(P,30,255,7,15567,38071)(P,3,7,6,15567,38892)(P,2,6,5,15567,39448)(P,1,5,1,15567,41308)(D,0,1,1,15567,41308)
1 13 13765 32869 34 (D,0,1,1,0,0)(P,1,1,5,0,1860)(P,2,5,6,0,2416)(P,3,6,7,0,3237)(P,30,7,255,0,4228)(P,222,255,150,0,4705)(P,221,150,151,0,5069)(P,223,151,152,0,5805)(P,228,152,155,0,8181)(S,228,155,152,2376,10557)(S,223,152,151,3112,11293)(S,221,151,150,3476,11657)(S,218,150,141,4023,12204)(S,205,141,140,5161,13342)(S,204,140,139,5933,14114)(S,201,139,138,6184,14365)(S,200,138,137,6408,14589)(S,198,137,136,7786,15967)(S,197,136,135,9539,17720)(S,196,135,133,11127,19308)(S,194,133,132,13193,21374)(S,192,132,100,13765,21946)(P,191,100,131,13765,22452)(P,190,131,130,13765,24685)(P,199,130,137,13765,25232)(P,200,137,138,13765,25456)(P,201,138,139,13765,25707)(P,204,139,140,13765,26479)(P,205,140,141,13765,27617)(P,218,141,150,13765,28164)(P,222,150,255,13765,28641)(P,30,255,7,13765,29632)(P,3,7,6,13765,30453)(P,2,6,5,13765,31009)(P,1,5,1,13765,32869)(D,0,1,1,13765,32869)
1 14 16331 40348 44 (D,0,1,1,0,0)(P,1,1,5,0,1860)(P,2,5,6,0,2416)(P,3,6,7,0,3237)(P,30,7,255,0,4228)(P,222,255,150,0,4705)(P,218,150,141,0,5252)(P,205,141,140,0,6390)(P,204,140,139,0,7162)(P,201,139,138,0,7413)(P,200,138,137,0,7637)(P,199,137,130,0,8184)(P,190,130,131,0,10417)(P,191,131,100,0,10923)(S,146,100,96,3661,14584)(P,146,96,100,3661,18245)(S,147,100,2,5223,19807)(P,147,2,100,5223,21369)(S,191,100,131,5729,21875)(S,190,131,130,7962,24108)(S,189,130,129,8670,24816)(S,188,129,128,8974,25120)(S,187,128,127,9878,26024)(P,187,127,128,9878,26928)(S,203,128,139,10467,27517)(P,201,139,138,10467,27768)(S,202,138,129,10891,28192)(P,202,129,138,10891,28616)(P,200,138,137,10891,28840)(S,199,137,130,11438,29387)(P,199,130,137,11438,29934)(P,200,137,138,11438,30158)(P,201,138,139,11438,30409)(P,204,139,140,11438,31181)(S,206,140,142,11832,31575)(S,207,142,141,13140,32883)(P,218,141,150,13140,33430)(S,219,150,126,13982,34272)(P,184,126,125,13982,34762)(S,220,125,150,14863,35643)(S,222,150,255,15340,36120)(S,30,255,7,16331,37111)(P,3,7,6,16331,37932)(P,2,6,5,16331,38488)(P,1,5,1,16331,40348)(D,0,1,1,16331,40348)
1 15 16327 31487 45 (D,0,1,1,0,0)(P,1,1,5,0,1860)(P,2,5,6,0,2416)(P,3,6,7,0,3237)(S,17,7,19,503,3740)(S,16,19,18,1220,4457)(S,14,18,17,1538,4775)(S,13,17,16,1759,4996)(S,12,16,5,2149,5386)(P,12,5,16,2149,5776)(S,18,16,20,3109,6736)(S,19,20,21,3778,7405)(S,20,21,19,4238,7865)(P,20,19,21,4238,8325)(S,23,21,23,5223,9310)(S,22,23,22,5686,9773)(S,21,22,20,6205,10292)(P,21,20,22,6205,10811)(S,24,22,24,6733,11339)(S,25,24,23,7212,11818)(S,32,23,28,8683,13289)(S,33,28,27,9273,13879)(S,31,27,26,10242,14848)(S,28,26,21,10923,15529)(P,28,21,26,10923,16210)(S,29,26,8,11986,17273)(P,4,8,7,11986,17879)(P,3,7,6,11986,18700)(S,15,6,18,12415,19129)(P,16,18,19,12415,19846)(P,17,19,7,12415,20349)(P,30,7,255,12415,21340)(S,37,255,9,13052,21977)(S,36,9,29,13846,22771)(S,34,29,27,14566,23491)(P,33,27,28,14566,24081)(S,35,28,29,15385,24900)(S,39,29,31,15944,25459)(S,40,31,30,16327,25842)(P,38,30,10,16327,26340)(P,6,10,9,16327,26622)(P,37,9,255,16327,27259)(P,30,255,7,16327,28250)(P,3,7,6,16327,29071)(P,2,6,5,16327,29627)(P,1,5,1,16327,31487)(D,0,1,1,16327,31487)
1 16 15423 27733 30 (D,0,1,1,0,0)(P,1,1,5,0,1860)(P,2,5,6,0,2416)(P,3,6,7,0,3237)(P,30,7,255,0,4228)(P,37,255,9,0,4865)(P,6,9,10,0,5147)(P,38,10,30,0,5645)(S,38,30,10,498,6143)(P,38,10,30,498,6641)(S,43,30,33,1871,8014)(S,42,33,32,2291,8434)(S,41,32,31,3962,10105)(P,41,31,32,3962,11776)(S,45,32,34,4508,12322)(S,46,34,35,5018,12832)(S,47,35,36,5381,13195)(S,48,36,33,5805,13619)(S,44,33,11,5935,13749)(P,44,11,33,5935,13879)(P,48,33,36,5935,14303)(S,49,36,12,6608,14976)(P,9,12,13,6608,15567)(S,51,13,37,6834,15793)(S,50,37,35,7728,16687)(P,46,35,34,7728,17197)(S,56,34,41,10261,19730)(S,55,41,39,12692,22161)(S,53,39,38,14714,24183)(S,52,38,25,15423,24892)(P,27,25,1,15423,27733)(D,0,1,1,15423,27733)
1 17 13897 36250 18 (D,0,1,1,0,0)(P,27,1,25,0,2841)(S,26,25,24,1561,4402)(P,26,24,25,1561,5963)(S,27,25,1,4402,8804)(P,1,1,5,4402,10664)(P,2,5,6,4402,11220)(P,3,6,7,4402,12041)(P,30,7,255,4402,13032)(S,130,255,89,5285,13915)(S,128,89,88,5887,14517)(S,127,88,86,13897,22527)(P,127,86,88,13897,30537)(P,128,88,89,13897,31139)(P,130,89,255,13897,32022)(P,30,255,7,13897,33013)(P,3,7,6,13897,33834)(P,2,6,5,13897,34390)(P,1,5,1,13897,36250)(D,0,1,1,13897,36250)
1 18 16317 54457 37 (D,0,1,1,0,0)(P,1,1,5,0,1860)(P,2,5,6,0,2416)(P,3,6,7,0,3237)(P,30,7,255,0,4228)(P,222,255,150,0,4705)(P,220,150,125,0,5586)(P,183,125,124,0,7072)(P,182,124,123,0,7614)(P,180,123,116,0,12143)(P,170,116,115,0,12447)(P,167,115,113,0,14778)(P,164,113,114,0,15982)(S,166,114,104,3092,19074)(P,152,104,105,3092,20372)(P,154,105,107,3092,21354)(P,158,107,109,3092,22432)(S,159,109,110,4816,24156)(P,159,110,109,4816,25880)(P,157,109,108,4816,27148)(P,156,108,106,4816,27778)(P,172,106,118,4816,29078)(P,173,118,117,4816,31357)(P,177,117,121,4816,34514)(S,229,121,155,9124,38822)(P,230,155,156,9124,40942)(S,231,156,157,10419,42237)(S,232,157,154,13593,45411)(S,227,154,153,14093,45911)(S,225,153,151,15346,47164)(P,223,151,152,15346,47900)(S,224,152,125,16317,48871)(P,220,125,150,16317,49752)(P,222,150,255,16317,50229)(P,30,255,7,16317,51220)(P,3,7,6,16317,52041)(P,2,6,5,16317,52597)(P,1,5,1,16317,54457)(D,0,1,1,16317,54457)
1 19 14957 31592 25 (D,0,1,1,0,0)(P,1,1,5,0,1860)(P,2,5,6,0,2416)(P,3,6,7,0,3237)(P,30,7,255,0,4228)(P,222,255,150,0,4705)(P,221,150,151,0,5069)(P,223,151,152,0,5805)(S,226,152,153,636,6441)(P,227,153,154,636,6941)(S,233,154,158,2400,8705)(S,234,158,159,2734,9039)(S,236,159,160,3824,10129)(S,235,160,158,5476,11781)(P,234,158,159,5476,12115)(S,237,159,161,10794,17433)(S,242,161,157,14957,21596)(P,232,157,154,14957,24770)(P,227,154,153,14957,25270)(P,225,153,151,14957,26523)(P,221,151,150,14957,26887)(P,222,150,255,14957,27364)(P,30,255,7,14957,28355)(P,3,7,6,14957,29176)(P,2,6,5,14957,29732)(P,1,5,1,14957,31592)(D,0,1,1,14957,31592)
1 20 15795 36224 27 (D,0,1,1,0,0)(P,1,1,5,0,1860)(P,2,5,6,0,2416)(P,3,6,7,0,3237)(P,30,7,255,0,4228)(P,222,255,150,0,4705)(P,221,150,151,0,5069)(P,225,151,153,0,6322)(P,227,153,154,0,6822)(P,232,154,157,0,9996)(S,241,157,163,2208,12204)(S,240,163,162,4652,14648)(P,239,162,120,4652,15176)(S,252,120,170,8106,18630)(S,253,170,171,9077,19601)(S,254,171,172,9963,20487)(S,255,172,173,10393,20917)(P,255,173,172,10393,21347)(P,254,172,171,10393,22233)(S,256,171,255,11434,23274)(S,343,255,233,11788,23628)(S,342,233,234,15795,27635)(P,342,234,233,15795,31642)(P,343,233,255,15795,31996)(P,30,255,7,15795,32987)(P,3,7,6,15795,33808)(P,2,6,5,15795,34364)(P,1,5,1,15795,36224)(D,0,1,1,15795,36224)
1 21 12263 28095 17 (D,0,1,1,0,0)(P,1,1,5,0,1860)(P,2,5,6,0,2416)(P,3,6,7,0,3237)(P,30,7,255,0,4228)(P,343,255,233,0,4582)(P,342,233,234,0,8589)(S,344,234,232,7275,15864)(S,341,232,233,11368,19957)(P,343,233,255,11368,20311)(P,130,255,89,11368,21194)(S,129,89,90,12263,22089)(P,129,90,89,12263,22984)(P,130,89,255,12263,23867)(P,30,255,7,12263,24858)(P,3,7,6,12263,25679)(P,2,6,5,12263,26235)(P,1,5,1,12263,28095)(D,0,1,1,12263,28095)
1 22 16328 37294 25 (D,0,1,1,0,0)(P,1,1,5,0,1860)(P,2,5,6,0,2416)(P,3,6,7,0,3237)(P,30,7,255,0,4228)(P,256,255,171,0,5269)(P,253,171,170,0,6240)(S,257,170,174,4804,11044)(S,270,174,182,6035,12275)(S,269,182,181,6783,13023)(S,267,181,180,7740,13980)(S,265,180,179,9813,16053)(S,264,179,178,11795,18035)(S,263,178,166,15214,21454)(S,246,166,165,16328,22568)(P,245,165,161,16328,23135)(P,242,161,157,16328,27298)(P,232,157,154,16328,30472)(P,227,154,153,16328,30972)(P,225,153,151,16328,32225)(P,221,151,150,16328,32589)(P,222,150,255,16328,33066)(P,30,255,7,16328,34057)(P,3,7,6,16328,34878)(P,2,6,5,16328,35434)(P,1,5,1,16328,37294)(D,0,1,1,16328,37294)
1 23 16192 56870 39 (D,0,1,1,0,0)(P,1,1,5,0,1860)(P,2,5,6,0,2416)(P,3,6,7,0,3237)(P,30,7,255,0,4228)(P,222,255,150,0,4705)(P,221,150,151,0,5069)(P,225,151,153,0,6322)(P,227,153,154,0,6822)(P,232,154,157,0,9996)(P,242,157,161,0,14159)(P,245,161,165,0,14726)(S,244,165,164,783,15509)(S,243,164,161,1433,16159)(S,245,161,165,2000,16726)(P,244,165,164,2000,17509)(S,251,164,169,8561,24070)(P,251,169,164,8561,30631)(P,244,164,165,8561,31414)(P,246,165,166,8561,32528)(S,247,166,167,9752,33719)(S,248,167,163,10390,34357)(S,250,163,168,11864,35831)(S,249,168,167,12770,36737)(P,249,167,168,12770,37643)(S,260,168,176,13041,37914)(S,259,176,175,13900,38773)(S,258,175,166,14596,39469)(P,258,166,175,14596,40165)(S,262,175,177,16192,41761)(P,268,177,181,16192,43847)(P,269,181,182,16192,44595)(P,270,182,174,16192,45826)(P,257,174,170,16192,50630)(P,253,170,171,16192,51601)(P,256,171,255,16192,52642)(P,30,255,7,16192,53633)(P,3,7,6,16192,54454)(P,2,6,5,16192,55010)(P,1,5,1,16192,56870)(D,0,1,1,16192,56870)
1 24 15302 49270 32 (D,0,1,1,0,0)(P,1,1,5,0,1860)(P,2,5,6,0,2416)(P,3,6,7,0,3237)(P,30,7,255,0,4228)(P,256,255,171,0,5269)(P,253,171,170,0,6240)(P,257,170,174,0,11044)(P,270,174,182,0,12275)(P,269,182,181,0,13023)(P,268,181,177,0,15109)(S,261,177,176,1324,16433)(P,261,176,177,1324,17757)(S,266,177,180,2686,19119)(P,267,180,181,2686,20076)(S,268,181,177,4772,22162)(P,266,177,180,4772,23524)(P,265,180,179,4772,25597)(S,272,179,183,6088,26913)(S,271,183,174,6871,27696)(S,281,174,188,9007,29832)(S,280,188,187,12119,32944)(S,278,187,184,13571,34396)(S,273,184,179,15302,36127)(P,272,179,183,15302,37443)(P,271,183,174,15302,38226)(P,257,174,170,15302,43030)(P,253,170,171,15302,44001)(P,256,171,255,15302,45042)(P,30,255,7,15302,46033)(P,3,7,6,15302,46854)(P,2,6,5,15302,47410)(P,1,5,1,15302,49270)(D,0,1,1,15302,49270)
1 25 7935 47979 28 (D,0,1,1,0,0)(P,1,1,5,0,1860)(P,2,5,6,0,2416)(P,3,6,7,0,3237)(P,30,7,255,0,4228)(P,256,255,171,0,5269)(P,253,171,170,0,6240)(P,257,170,174,0,11044)(P,271,174,183,0,11827)(P,272,183,179,0,13143)(P,264,179,178,0,15125)(S,275,178,185,2259,17384)(S,274,185,184,3758,18883)(P,274,184,185,3758,20382)(P,277,185,253,3758,23804)(S,277,253,185,7180,27226)(P,274,185,184,7180,28725)(P,278,184,187,7180,30177)(P,280,187,188,7180,33289)(S,282,188,189,7935,34044)(P,282,189,188,7935,34799)(P,281,188,174,7935,36935)(P,257,174,170,7935,41739)(P,253,170,171,7935,42710)(P,256,171,255,7935,43751)(P,30,255,7,7935,44742)(P,3,7,6,7935,45563)(P,2,6,5,7935,46119)(P,1,5,1,7935,47979)(D,0,1,1,7935,47979)
1 26 13801 36068 24 (D,0,1,1,0,0)(P,1,1,5,0,1860)(P,2,5,6,0,2416)(P,3,6,7,0,3237)(P,30,7,255,0,4228)(P,222,255,150,0,4705)(P,218,150,141,0,5252)(P,207,141,142,0,6560)(S,208,142,143,9647,16207)(S,209,143,144,12350,18910)(P,209,144,143,12350,21613)(S,210,143,145,13801,23064)(P,211,145,146,13801,26449)(P,212,146,136,13801,27053)(P,198,136,137,13801,28431)(P,200,137,138,13801,28655)(P,201,138,139,13801,28906)(P,204,139,140,13801,29678)(P,205,140,141,13801,30816)(P,218,141,150,13801,31363)(P,222,150,255,13801,31840)(P,30,255,7,13801,32831)(P,3,7,6,13801,33652)(P,2,6,5,13801,34208)(P,1,5,1,13801,36068)(D,0,1,1,13801,36068)
1 27 12195 51394 48 (D,0,1,1,0,0)(P,1,1,5,0,1860)(P,2,5,6,0,2416)(P,3,6,7,0,3237)(P,30,7,255,0,4228)(P,222,255,150,0,4705)(P,218,150,141,0,5252)(P,205,141,140,0,6390)(P,204,140,139,0,7162)(P,201,139,138,0,7413)(P,200,138,137,0,7637)(P,198,137,136,0,9015)(P,212,136,146,0,9619)(P,211,146,145,0,13004)(S,211,145,146,3385,16389)(S,212,146,136,3989,16993)(P,212,136,146,3989,17597)(S,213,146,147,5801,19409)(S,214,147,135,7207,20815)(P,214,135,147,7207,22221)(S,215,147,148,8740,23754)(S,216,148,149,9437,24451)(P,216,149,148,9437,25148)(S,217,148,145,10233,25944)(P,217,145,148,10233,26740)(P,215,148,147,10233,28273)(P,214,147,135,10233,29679)(P,196,135,133,10233,31267)(S,195,133,134,10505,31539)(P,195,134,133,10505,31811)(P,194,133,132,10505,33877)(S,193,132,131,10810,34182)(P,190,131,130,10810,36415)(P,189,130,129,10810,37123)(P,188,129,128,10810,37427)(P,187,128,127,10810,38331)(P,185,127,126,10810,40051)(P,184,126,125,10810,40541)(P,183,125,124,10810,42027)(S,182,124,123,11352,42569)(S,179,123,122,12195,43412)(P,181,122,124,12195,44322)(P,183,124,125,12195,45808)(P,220,125,150,12195,46689)(P,222,150,255,12195,47166)(P,30,255,7,12195,48157)(P,3,7,6,12195,48978)(P,2,6,5,12195,49534)(P,1,5,1,12195,51394)(D,0,1,1,12195,51394)
1 28 16491 49213 33 (D,0,1,1,0,0)(P,1,1,5,0,1860)(P,2,5,6,0,2416)(P,3,6,7,0,3237)(P,30,7,255,0,4228)(P,222,255,150,0,4705)(P,220,150,125,0,5586)(P,183,125,124,0,7072)(P,182,124,123,0,7614)(S,180,123,116,4529,12143)(P,170,116,115,4529,12447)(S,169,115,99,6500,14418)(P,143,99,91,6500,15180)(P,131,91,83,6500,18072)(P,120,83,82,6500,18494)(P,118,82,81,6500,20219)(P,117,81,72,6500,20502)(P,104,72,73,6500,23456)(S,108,73,75,7088,24044)(S,109,75,42,9567,26523)(S,57,42,39,13211,30167)(S,54,39,40,13958,30914)(S,112,40,77,14980,31936)(S,111,77,76,16149,33105)(P,113,76,78,16149,36562)(S,114,78,79,16491,36904)(P,114,79,78,16491,37246)(P,113,78,76,16491,40703)(P,111,76,77,16491,41872)(P,112,77,40,16491,42894)(P,54,40,39,16491,43641)(P,53,39,38,16491,45663)(P,52,38,25,16491,46372)(P,27,25,1,16491,49213)(D,0,1,1,16491,49213)
1 29 15958 42267 30 (D,0,1,1,0,0)(P,27,1,25,0,2841)(P,52,25,38,0,3550)(P,53,38,39,0,5572)(P,57,39,42,0,9216)(P,109,42,75,0,11695)(P,107,75,74,0,12238)(S,106,74,62,3309,15547)(P,87,62,61,3309,15923)(P,86,61,57,3309,16291)(P,79,57,56,3309,16632)(P,78,56,53,3309,17177)(S,73,53,54,3777,17645)(S,74,54,55,4007,17875)(S,75,55,42,5878,19746)(S,58,42,43,6483,20351)(S,59,43,41,10225,24093)(P,59,41,43,10225,27835)(S,60,43,44,10891,28501)(S,61,44,37,15958,33568)(P,50,37,35,15958,34462)(P,47,35,36,15958,34825)(P,48,36,33,15958,35249)(P,43,33,30,15958,36622)(P,38,30,10,15958,37120)(P,6,10,9,15958,37402)(P,37,9,255,15958,38039)(P,30,255,7,15958,39030)(P,3,7,6,15958,39851)(P,2,6,5,15958,40407)(P,1,5,1,15958,42267)(D,0,1,1,15958,42267)
1 30 16358 61195 45 (D,0,1,1,0,0)(P,1,1,5,0,1860)(P,2,5,6,0,2416)(P,3,6,7,0,3237)(P,30,7,255,0,4228)(P,37,255,9,0,4865)(P,6,9,10,0,5147)(P,7,10,11,0,6981)(P,8,11,12,0,8090)(P,9,12,13,0,8681)(P,10,13,14,0,12038)(S,62,14,44,3407,15445)(S,77,44,54,4966,17004)(P,74,54,55,4966,17234)(S,76,55,53,5628,17896)(P,73,53,54,5628,18364)(P,77,54,44,5628,19923)(P,61,44,37,5628,24990)(P,50,37,35,5628,25884)(P,47,35,36,5628,26247)(P,48,36,33,5628,26671)(P,43,33,30,5628,28044)(P,38,30,10,5628,28542)(P,6,10,9,5628,28824)(P,37,9,255,5628,29461)(P,343,255,233,5628,29815)(P,341,233,232,5628,33908)(S,340,232,231,7040,35320)(S,338,231,230,7366,35646)(S,337,230,229,7784,36064)(S,336,229,223,10464,38744)(S,328,223,222,11159,39439)(S,327,222,221,11691,39971)(S,326,221,215,16358,44638)(P,364,215,246,16358,45964)(P,365,246,247,16358,48644)(P,371,247,250,16358,50076)(P,372,250,229,16358,50888)(P,339,229,231,16358,51108)(P,340,231,232,16358,52520)(P,341,232,233,16358,56613)(P,343,233,255,16358,56967)(P,30,255,7,16358,57958)(P,3,7,6,16358,58779)(P,2,6,5,16358,59335)(P,1,5,1,16358,61195)(D,0,1,1,16358,61195)
1 31 15089 48146 32 (D,0,1,1,0,0)(P,1,1,5,0,1860)(P,2,5,6,0,2416)(P,3,6,7,0,3237)(P,30,7,255,0,4228)(P,343,255,233,0,4582)(P,341,233,232,0,8675)(P,340,232,231,0,10087)(P,339,231,229,0,10307)(P,372,229,250,0,11119)(P,371,250,247,0,12551)(P,365,247,246,0,15231)(P,364,246,215,0,16557)(S,318,215,213,1561,18118)(S,316,213,206,3261,19818)(S,307,206,201,4144,20701)(S,298,201,200,5094,21651)(S,297,200,199,7612,24169)(S,295,199,198,10852,27409)(S,293,198,197,11161,27718)(S,291,197,195,11462,28019)(S,289,195,194,11838,28395)(S,288,194,190,15089,31646)(P,283,190,189,15089,34211)(P,282,189,188,15089,34966)(P,281,188,174,15089,37102)(P,257,174,170,15089,41906)(P,253,170,171,15089,42877)(P,256,171,255,15089,43918)(P,30,255,7,15089,44909)(P,3,7,6,15089,45730)(P,2,6,5,15089,46286)(P,1,5,1,15089,48146)(D,0,1,1,15089,48146)
1 32 14952 43987 32 (D,0,1,1,0,0)(P,1,1,5,0,1860)(P,2,5,6,0,2416)(P,3,6,7,0,3237)(P,30,7,255,0,4228)(P,256,255,171,0,5269)(P,253,171,170,0,6240)(P,257,170,174,0,11044)(P,281,174,188,0,13180)(P,282,188,189,0,13935)(P,283,189,190,0,16500)(S,283,190,189,2565,19065)(S,284,189,191,3357,19857)(S,285,191,192,4588,21088)(S,287,192,193,5170,21670)(S,286,193,191,6260,22760)(P,286,191,193,6260,23850)(S,349,193,238,7161,24751)(S,348,238,236,8830,26420)(S,346,236,235,10475,28065)(S,345,235,230,13920,31510)(P,338,230,231,13920,31836)(S,339,231,229,14140,32056)(S,372,229,250,14952,32868)(P,372,250,229,14952,33680)(P,339,229,231,14952,33900)(P,340,231,232,14952,35312)(P,341,232,233,14952,39405)(P,343,233,255,14952,39759)(P,30,255,7,14952,40750)(P,3,7,6,14952,41571)(P,2,6,5,14952,42127)(P,1,5,1,14952,43987)(D,0,1,1,14952,43987)
1 33 15857 43337 28 (D,0,1,1,0,0)(P,1,1,5,0,1860)(P,2,5,6,0,2416)(P,3,6,7,0,3237)(P,30,7,255,0,4228)(P,343,255,233,0,4582)(P,341,233,232,0,8675)(P,340,232,231,0,10087)(P,339,231,229,0,10307)(P,372,229,250,0,11119)(S,370,250,249,1840,12959)(S,368,249,248,2464,13583)(S,366,248,247,4532,15651)(S,365,247,246,7212,18331)(S,363,246,245,12415,23534)(S,360,245,243,14167,25286)(S,357,243,242,15857,26976)(P,356,242,192,15857,27379)(P,285,192,191,15857,28610)(P,284,191,189,15857,29402)(P,282,189,188,15857,30157)(P,281,188,174,15857,32293)(P,257,174,170,15857,37097)(P,253,170,171,15857,38068)(P,256,171,255,15857,39109)(P,30,255,7,15857,40100)(P,3,7,6,15857,40921)(P,2,6,5,15857,41477)(P,1,5,1,15857,43337)(D,0,1,1,15857,43337)
1 34 16549 47570 34 (D,0,1,1,0,0)(P,1,1,5,0,1860)(P,2,5,6,0,2416)(P,3,6,7,0,3237)(P,30,7,255,0,4228)(P,256,255,171,0,5269)(P,253,171,170,0,6240)(P,257,170,174,0,11044)(P,281,174,188,0,13180)(P,282,188,189,0,13935)(P,284,189,191,0,14727)(P,285,191,192,0,15958)(P,356,192,242,0,16361)(S,355,242,241,1248,17609)(S,353,241,240,4128,20489)(S,352,240,235,6333,22694)(S,351,235,239,7759,24120)(S,350,239,238,8836,25197)(P,350,238,239,8836,26274)(S,354,239,241,10228,27666)(S,358,241,243,11445,28883)(S,359,243,244,13025,30463)(S,361,244,245,13645,31083)(S,367,245,248,16549,33987)(P,368,248,249,16549,34611)(P,370,249,250,16549,36451)(P,372,250,229,16549,37263)(P,339,229,231,16549,37483)(P,340,231,232,16549,38895)(P,341,232,233,16549,42988)(P,343,233,255,16549,43342)(P,30,255,7,16549,44333)(P,3,7,6,16549,45154)(P,2,6,5,16549,45710)(P,1,5,1,16549,47570)(D,0,1,1,16549,47570)
1 35 15770 63626 47 (D,0,1,1,0,0)(P,1,1,5,0,1860)(P,2,5,6,0,2416)(P,3,6,7,0,3237)(P,30,7,255,0,4228)(P,343,255,233,0,4582)(P,341,233,232,0,8675)(P,340,232,231,0,10087)(P,339,231,229,0,10307)(P,372,229,250,0,11119)(P,370,250,249,0,12959)(S,369,249,240,876,13835)(P,369,240,249,876,14711)(P,370,249,250,876,16551)(S,371,250,247,2308,17983)(S,373,247,222,5165,20840)(S,330,222,225,6096,21771)(S,331,225,224,6641,22316)(S,329,224,221,8357,24032)(P,327,221,222,8357,24564)(P,328,222,223,8357,25259)(S,333,223,225,9427,26329)(P,331,225,224,9427,26874)(S,332,224,226,10172,27619)(P,332,226,224,10172,28364)(P,331,224,225,10172,28909)(P,333,225,223,10172,29979)(S,334,223,227,11305,31112)(S,335,227,228,14505,34312)(P,335,228,227,14505,37512)(P,334,227,223,14505,38645)(P,328,223,222,14505,39340)(P,327,222,221,14505,39872)(P,326,221,215,14505,44539)(S,319,215,214,15770,45804)(P,319,214,215,15770,47069)(P,364,215,246,15770,48395)(P,365,246,247,15770,51075)(P,371,247,250,15770,52507)(P,372,250,229,15770,53319)(P,339,229,231,15770,53539)(P,340,231,232,15770,54951)(P,341,232,233,15770,59044)(P,343,233,255,15770,59398)(P,30,255,7,15770,60389)(P,3,7,6,15770,61210)(P,2,6,5,15770,61766)(P,1,5,1,15770,63626)(D,0,1,1,15770,63626)
1 36 16470 61084 37 (D,0,1,1,0,0)(P,1,1,5,0,1860)(P,2,5,6,0,2416)(P,3,6,7,0,3237)(P,30,7,255,0,4228)(P,343,255,233,0,4582)(P,341,233,232,0,8675)(P,340,232,231,0,10087)(P,339,231,229,0,10307)(P,372,229,250,0,11119)(P,371,250,247,0,12551)(P,365,247,246,0,15231)(P,364,246,215,0,16557)(P,319,215,214,0,17822)(S,317,214,213,1250,19072)(P,317,213,214,1250,20322)(S,320,214,216,7650,26722)(S,321,216,217,9935,29007)(S,375,217,254,10316,29388)(S,322,254,218,12145,31217)(S,323,218,219,13804,32876)(S,324,219,220,15124,34196)(P,324,220,219,15124,35516)(S,325,219,216,16470,36862)(P,320,216,214,16470,43262)(P,319,214,215,16470,44527)(P,364,215,246,16470,45853)(P,365,246,247,16470,48533)(P,371,247,250,16470,49965)(P,372,250,229,16470,50777)(P,339,229,231,16470,50997)(P,340,231,232,16470,52409)(P,341,232,233,16470,56502)(P,343,233,255,16470,56856)(P,30,255,7,16470,57847)(P,3,7,6,16470,58668)(P,2,6,5,16470,59224)(P,1,5,1,16470,61084)(D,0,1,1,16470,61084)
1 37 15127 64322 37 (D,0,1,1,0,0)(P,1,1,5,0,1860)(P,2,5,6,0,2416)(P,3,6,7,0,3237)(P,30,7,255,0,4228)(P,343,255,233,0,4582)(P,341,233,232,0,8675)(P,340,232,231,0,10087)(P,339,231,229,0,10307)(P,372,229,250,0,11119)(P,371,250,247,0,12551)(P,365,247,246,0,15231)(P,364,246,215,0,16557)(P,319,215,214,0,17822)(P,320,214,216,0,24222)(P,321,216,217,0,26507)(P,375,217,254,0,26888)(S,374,254,212,775,27663)(S,314,212,210,5497,32385)(S,312,210,209,7015,33903)(S,311,209,208,10384,37272)(S,310,208,207,13232,40120)(S,309,207,205,15127,42015)(P,308,205,206,15127,44504)(P,316,206,213,15127,46204)(P,318,213,215,15127,47765)(P,364,215,246,15127,49091)(P,365,246,247,15127,51771)(P,371,247,250,15127,53203)(P,372,250,229,15127,54015)(P,339,229,231,15127,54235)(P,340,231,232,15127,55647)(P,341,232,233,15127,59740)(P,343,233,255,15127,60094)(P,30,255,7,15127,61085)(P,3,7,6,15127,61906)(P,2,6,5,15127,62462)(P,1,5,1,15127,64322)(D,0,1,1,15127,64322)
