The random seed is 1592061464.
There are 255 vertices, 375 tasks, and the capacities of vehicles is 28000.

The max number of idle iteration of generating individual: 1000
Beta: 0.900000
The max iteration of k-means: 200
The algorithm stop at the 1366th iteration
The algorith took 751222 clicks (751.222000 seconds).
The best searched solution with total cost 1927463 :
1 1 27802 42618 29 (D,0,1,1,0,0)(S,1,1,5,1860,1860)(S,2,5,6,2416,2416)(S,3,6,7,3237,3237)(S,4,7,8,3843,3843)(S,5,8,9,6038,6038)(S,6,9,10,6320,6320)(S,7,10,11,8154,8154)(S,8,11,12,9263,9263)(S,9,12,13,9854,9854)(S,10,13,14,13211,13211)(S,11,14,15,15133,15133)(S,63,15,45,16547,16547)(S,64,45,46,19328,19328)(P,64,46,45,19328,22109)(P,63,45,15,19328,23523)(P,11,15,14,19328,25445)(S,62,14,44,22735,28852)(S,61,44,37,27802,33919)(P,50,37,35,27802,34813)(P,47,35,36,27802,35176)(P,48,36,33,27802,35600)(P,43,33,30,27802,36973)(P,38,30,10,27802,37471)(P,6,10,9,27802,37753)(P,37,9,255,27802,38390)(P,30,255,7,27802,39381)(P,3,7,6,27802,40202)(P,2,6,5,27802,40758)(P,1,5,1,27802,42618)(D,0,1,1,27802,42618)
1 2 27181 44555 40 (D,0,1,1,0,0)(P,1,1,5,0,1860)(P,2,5,6,0,2416)(P,3,6,7,0,3237)(P,30,7,255,0,4228)(P,37,255,9,0,4865)(P,6,9,10,0,5147)(P,38,10,30,0,5645)(P,43,30,33,0,7018)(P,48,33,36,0,7442)(P,47,36,35,0,7805)(P,50,35,37,0,8699)(S,50,37,35,894,9593)(S,46,35,34,1404,10103)(S,45,34,32,1950,10649)(S,41,32,31,3621,12320)(S,39,31,29,4180,12879)(S,34,29,27,4900,13599)(S,33,27,28,5490,14189)(S,35,28,29,6309,15008)(S,36,29,9,7103,15802)(S,37,9,255,7740,16439)(S,256,255,171,8781,17480)(S,253,171,170,9752,18451)(S,252,170,120,13206,21905)(S,239,120,162,13734,22433)(S,238,162,156,15671,24370)(S,231,156,157,16966,25665)(S,232,157,154,20140,28839)(S,227,154,153,20640,29339)(S,225,153,151,21893,30592)(S,221,151,150,22257,30956)(S,222,150,255,22734,31433)(S,343,255,233,23088,31787)(S,341,233,232,27181,35880)(P,341,232,233,27181,39973)(P,343,233,255,27181,40327)(P,30,255,7,27181,41318)(P,3,7,6,27181,42139)(P,2,6,5,27181,42695)(P,1,5,1,27181,44555)(D,0,1,1,27181,44555)
1 3 25819 50994 33 (D,0,1,1,0,0)(P,1,1,5,0,1860)(P,2,5,6,0,2416)(P,3,6,7,0,3237)(P,30,7,255,0,4228)(P,343,255,233,0,4582)(P,341,233,232,0,8675)(S,340,232,231,1412,10087)(S,338,231,230,1738,10413)(S,337,230,229,2156,10831)(S,336,229,223,4836,13511)(S,328,223,222,5531,14206)(S,327,222,221,6063,14738)(S,326,221,215,10730,19405)(S,318,215,213,12291,20966)(S,316,213,206,13991,22666)(S,307,206,201,14874,23549)(S,298,201,200,15824,24499)(S,297,200,199,18342,27017)(S,295,199,198,21582,30257)(S,293,198,197,21891,30566)(S,291,197,195,22192,30867)(S,289,195,194,22568,31243)(S,288,194,190,25819,34494)(P,283,190,189,25819,37059)(P,282,189,188,25819,37814)(P,281,188,174,25819,39950)(P,257,174,170,25819,44754)(P,253,170,171,25819,45725)(P,256,171,255,25819,46766)(P,30,255,7,25819,47757)(P,3,7,6,25819,48578)(P,2,6,5,25819,49134)(P,1,5,1,25819,50994)(D,0,1,1,25819,50994)
1 4 26914 69084 45 (D,0,1,1,0,0)(P,1,1,5,0,1860)(P,2,5,6,0,2416)(P,3,6,7,0,3237)(P,30,7,255,0,4228)(P,256,255,171,0,5269)(P,253,171,170,0,6240)(P,257,170,174,0,11044)(P,281,174,188,0,13180)(P,282,188,189,0,13935)(P,283,189,190,0,16500)(S,283,190,189,2565,19065)(S,282,189,188,3320,19820)(S,280,188,187,6432,22932)(S,279,187,186,7701,24201)(S,276,186,185,10810,27310)(S,274,185,184,12309,28809)(S,273,184,179,14040,30540)(S,264,179,178,16022,32522)(S,275,178,185,18281,34781)(S,277,185,253,21703,38203)(P,277,253,185,21703,41625)(P,274,185,184,21703,43124)(S,278,184,187,23155,44576)(P,279,187,186,23155,45845)(S,292,186,197,26416,49106)(P,291,197,195,26416,49407)(S,290,195,196,26708,49699)(S,294,196,198,26914,49905)(P,294,198,196,26914,50111)(P,290,196,195,26914,50403)(P,289,195,194,26914,50779)(P,362,194,244,26914,51977)(P,361,244,245,26914,52597)(P,367,245,248,26914,55501)(P,368,248,249,26914,56125)(P,370,249,250,26914,57965)(P,372,250,229,26914,58777)(P,339,229,231,26914,58997)(P,340,231,232,26914,60409)(P,341,232,233,26914,64502)(P,343,233,255,26914,64856)(P,30,255,7,26914,65847)(P,3,7,6,26914,66668)(P,2,6,5,26914,67224)(P,1,5,1,26914,69084)(D,0,1,1,26914,69084)
1 5 26386 67992 44 (D,0,1,1,0,0)(P,1,1,5,0,1860)(P,2,5,6,0,2416)(P,3,6,7,0,3237)(P,30,7,255,0,4228)(P,343,255,233,0,4582)(P,341,233,232,0,8675)(P,340,232,231,0,10087)(P,339,231,229,0,10307)(P,372,229,250,0,11119)(P,370,250,249,0,12959)(P,368,249,248,0,13583)(P,367,248,245,0,16487)(P,361,245,244,0,17107)(P,362,244,194,0,18305)(P,289,194,195,0,18681)(P,290,195,196,0,18973)(S,296,196,199,3076,22049)(P,297,199,200,3076,24567)(S,299,200,202,4013,25504)(S,300,202,201,4415,25906)(P,300,201,202,4415,26308)(S,301,202,203,5959,27852)(S,302,203,204,8741,30634)(S,305,204,252,10352,32245)(S,304,252,251,12589,34482)(S,303,251,203,17793,39686)(P,302,203,204,17793,42468)(S,306,204,205,20056,44731)(S,308,205,206,22545,47220)(P,316,206,213,22545,48920)(S,317,213,214,23795,50170)(S,319,214,215,25060,51435)(S,364,215,246,26386,52761)(P,365,246,247,26386,55441)(P,371,247,250,26386,56873)(P,372,250,229,26386,57685)(P,339,229,231,26386,57905)(P,340,231,232,26386,59317)(P,341,232,233,26386,63410)(P,343,233,255,26386,63764)(P,30,255,7,26386,64755)(P,3,7,6,26386,65576)(P,2,6,5,26386,66132)(P,1,5,1,26386,67992)(D,0,1,1,26386,67992)
1 6 26381 69771 39 (D,0,1,1,0,0)(P,1,1,5,0,1860)(P,2,5,6,0,2416)(P,3,6,7,0,3237)(P,30,7,255,0,4228)(P,343,255,233,0,4582)(P,341,233,232,0,8675)(P,340,232,231,0,10087)(P,339,231,229,0,10307)(P,372,229,250,0,11119)(P,371,250,247,0,12551)(P,365,247,246,0,15231)(S,363,246,245,5203,20434)(S,360,245,243,6955,22186)(S,359,243,244,8535,23766)(S,361,244,245,9155,24386)(S,367,245,248,12059,27290)(S,368,248,249,12683,27914)(S,370,249,250,14523,29754)(S,371,250,247,15955,31186)(S,365,247,246,18635,33866)(P,364,246,215,18635,35192)(P,319,215,214,18635,36457)(S,320,214,216,25035,42857)(S,325,216,219,26381,44203)(P,325,219,216,26381,45549)(P,320,216,214,26381,51949)(P,319,214,215,26381,53214)(P,364,215,246,26381,54540)(P,365,246,247,26381,57220)(P,371,247,250,26381,58652)(P,372,250,229,26381,59464)(P,339,229,231,26381,59684)(P,340,231,232,26381,61096)(P,341,232,233,26381,65189)(P,343,233,255,26381,65543)(P,30,255,7,26381,66534)(P,3,7,6,26381,67355)(P,2,6,5,26381,67911)(P,1,5,1,26381,69771)(D,0,1,1,26381,69771)
1 7 27383 80207 44 (D,0,1,1,0,0)(P,1,1,5,0,1860)(P,2,5,6,0,2416)(P,3,6,7,0,3237)(P,30,7,255,0,4228)(P,343,255,233,0,4582)(P,341,233,232,0,8675)(P,340,232,231,0,10087)(P,339,231,229,0,10307)(P,372,229,250,0,11119)(P,371,250,247,0,12551)(P,365,247,246,0,15231)(P,364,246,215,0,16557)(P,319,215,214,0,17822)(P,320,214,216,0,24222)(P,325,216,219,0,25568)(S,323,219,218,1659,27227)(S,322,218,254,3488,29056)(S,374,254,212,4263,29831)(S,314,212,210,8985,34553)(S,313,210,211,9349,34917)(P,313,211,210,9349,35281)(S,312,210,209,10867,36799)(S,311,209,208,14236,40168)(S,310,208,207,17084,43016)(S,309,207,205,18979,44911)(P,309,205,207,18979,46806)(S,315,207,212,24717,52544)(P,374,212,254,24717,53319)(S,375,254,217,25098,53700)(S,321,217,216,27383,55985)(P,320,216,214,27383,62385)(P,319,214,215,27383,63650)(P,364,215,246,27383,64976)(P,365,246,247,27383,67656)(P,371,247,250,27383,69088)(P,372,250,229,27383,69900)(P,339,229,231,27383,70120)(P,340,231,232,27383,71532)(P,341,232,233,27383,75625)(P,343,233,255,27383,75979)(P,30,255,7,27383,76970)(P,3,7,6,27383,77791)(P,2,6,5,27383,78347)(P,1,5,1,27383,80207)(D,0,1,1,27383,80207)
1 8 26511 92846 63 (D,0,1,1,0,0)(P,1,1,5,0,1860)(P,2,5,6,0,2416)(P,3,6,7,0,3237)(P,30,7,255,0,4228)(P,343,255,233,0,4582)(P,341,233,232,0,8675)(P,340,232,231,0,10087)(P,339,231,229,0,10307)(P,372,229,250,0,11119)(P,371,250,247,0,12551)(P,365,247,246,0,15231)(P,364,246,215,0,16557)(P,319,215,214,0,17822)(P,320,214,216,0,24222)(P,325,216,219,0,25568)(S,324,219,220,1320,26888)(P,324,220,219,1320,28208)(P,325,219,216,1320,29554)(P,320,216,214,1320,35954)(P,319,214,215,1320,37219)(P,364,215,246,1320,38545)(P,365,246,247,1320,41225)(S,373,247,222,4177,44082)(S,330,222,225,5108,45013)(S,331,225,224,5653,45558)(S,329,224,221,7369,47274)(P,327,221,222,7369,47806)(P,328,222,223,7369,48501)(S,333,223,225,8439,49571)(P,331,225,224,8439,50116)(S,332,224,226,9184,50861)(P,332,226,224,9184,51606)(P,331,224,225,9184,52151)(P,333,225,223,9184,53221)(S,334,223,227,10317,54354)(S,335,227,228,13517,57554)(P,335,228,227,13517,60754)(P,334,227,223,13517,61887)(P,336,223,229,13517,64567)(S,339,229,231,13737,64787)(P,339,231,229,13737,65007)(S,372,229,250,14549,65819)(P,372,250,229,14549,66631)(P,337,229,230,14549,67049)(S,345,230,235,17994,70494)(S,351,235,239,19420,71920)(S,350,239,238,20497,72997)(S,349,238,193,21398,73898)(S,287,193,192,21980,74480)(S,356,192,242,22383,74883)(S,355,242,241,23631,76131)(S,353,241,240,26511,79011)(P,369,240,249,26511,79887)(P,370,249,250,26511,81727)(P,372,250,229,26511,82539)(P,339,229,231,26511,82759)(P,340,231,232,26511,84171)(P,341,232,233,26511,88264)(P,343,233,255,26511,88618)(P,30,255,7,26511,89609)(P,3,7,6,26511,90430)(P,2,6,5,26511,90986)(P,1,5,1,26511,92846)(D,0,1,1,26511,92846)
1 9 27928 51410 45 (D,0,1,1,0,0)(P,1,1,5,0,1860)(P,2,5,6,0,2416)(P,3,6,7,0,3237)(P,30,7,255,0,4228)(P,343,255,233,0,4582)(P,341,233,232,0,8675)(P,340,232,231,0,10087)(P,339,231,229,0,10307)(P,372,229,250,0,11119)(P,370,250,249,0,12959)(P,369,249,240,0,13835)(S,352,240,235,2205,16040)(S,346,235,236,3850,17685)(S,347,236,237,4913,18748)(P,347,237,236,4913,19811)(S,348,236,238,6582,21480)(P,349,238,193,6582,22381)(S,286,193,191,7672,23471)(S,284,191,189,8464,24263)(P,282,189,188,8464,25018)(S,281,188,174,10600,27154)(S,270,174,182,11831,28385)(S,269,182,181,12579,29133)(S,267,181,180,13536,30090)(S,265,180,179,15609,32163)(S,272,179,183,16925,33479)(S,271,183,174,17708,34262)(S,257,174,170,22512,39066)(P,253,170,171,22512,40037)(S,254,171,172,23398,40923)(S,255,172,173,23828,41353)(P,255,173,172,23828,41783)(P,254,172,171,23828,42669)(P,256,171,255,23828,43710)(S,30,255,7,24819,44701)(S,17,7,19,25322,45204)(S,16,19,18,26039,45921)(S,14,18,17,26357,46239)(S,13,17,16,26578,46460)(S,12,16,5,26968,46850)(P,12,5,16,26968,47240)(S,18,16,20,27928,48200)(P,18,20,16,27928,49160)(P,12,16,5,27928,49550)(P,1,5,1,27928,51410)(D,0,1,1,27928,51410)
1 10 23113 51544 40 (D,0,1,1,0,0)(P,1,1,5,0,1860)(P,12,5,16,0,2250)(P,18,16,20,0,3210)(S,19,20,21,669,3879)(S,20,21,19,1129,4339)(P,20,19,21,1129,4799)(S,23,21,23,2114,5784)(S,22,23,22,2577,6247)(S,21,22,20,3096,6766)(P,21,20,22,3096,7285)(S,24,22,24,3624,7813)(S,25,24,23,4103,8292)(S,32,23,28,5574,9763)(P,33,28,27,5574,10353)(S,31,27,26,6543,11322)(S,28,26,21,7224,12003)(P,28,21,26,7224,12684)(S,29,26,8,8287,13747)(P,4,8,7,8287,14353)(P,3,7,6,8287,15174)(S,15,6,18,8716,15603)(P,16,18,19,8716,16320)(P,17,19,7,8716,16823)(P,30,7,255,8716,17814)(S,130,255,89,9599,18697)(S,128,89,88,10201,19299)(S,127,88,86,18211,27309)(P,127,86,88,18211,35319)(P,128,88,89,18211,35921)(S,129,89,90,19106,36816)(P,129,90,89,19106,37711)(P,130,89,255,19106,38594)(P,343,255,233,19106,38948)(S,342,233,234,23113,42955)(P,342,234,233,23113,46962)(P,343,233,255,23113,47316)(P,30,255,7,23113,48307)(P,3,7,6,23113,49128)(P,2,6,5,23113,49684)(P,1,5,1,23113,51544)(D,0,1,1,23113,51544)
1 11 22913 69046 45 (D,0,1,1,0,0)(P,1,1,5,0,1860)(P,2,5,6,0,2416)(P,3,6,7,0,3237)(P,30,7,255,0,4228)(P,343,255,233,0,4582)(P,342,233,234,0,8589)(S,344,234,232,7275,15864)(P,340,232,231,7275,17276)(P,339,231,229,7275,17496)(P,372,229,250,7275,18308)(P,371,250,247,7275,19740)(S,366,247,248,9343,21808)(P,368,248,249,9343,22432)(S,369,249,240,10219,23308)(P,353,240,241,10219,26188)(S,354,241,239,11611,27580)(P,354,239,241,11611,28972)(S,358,241,243,12828,30189)(S,357,243,242,14518,31879)(P,356,242,192,14518,32282)(S,285,192,191,15749,33513)(P,285,191,192,15749,34744)(P,356,192,242,15749,35147)(P,357,242,243,15749,36837)(P,359,243,244,15749,38417)(S,362,244,194,16947,39615)(P,289,194,195,16947,39991)(P,291,195,197,16947,40292)(P,292,197,186,16947,43553)(P,276,186,185,16947,46662)(P,275,185,178,16947,48921)(S,263,178,166,20366,52340)(S,246,166,165,21480,53454)(S,244,165,164,22263,54237)(S,243,164,161,22913,54887)(P,242,161,157,22913,59050)(P,232,157,154,22913,62224)(P,227,154,153,22913,62724)(P,225,153,151,22913,63977)(P,221,151,150,22913,64341)(P,222,150,255,22913,64818)(P,30,255,7,22913,65809)(P,3,7,6,22913,66630)(P,2,6,5,22913,67186)(P,1,5,1,22913,69046)(D,0,1,1,22913,69046)
1 12 25358 51403 40 (D,0,1,1,0,0)(P,1,1,5,0,1860)(P,2,5,6,0,2416)(P,3,6,7,0,3237)(P,30,7,255,0,4228)(P,222,255,150,0,4705)(P,221,150,151,0,5069)(P,225,151,153,0,6322)(P,227,153,154,0,6822)(P,232,154,157,0,9996)(P,242,157,161,0,14159)(S,237,161,159,5318,19477)(S,234,159,158,5652,19811)(S,233,158,154,7416,21575)(P,227,154,153,7416,22075)(S,226,153,152,8052,22711)(S,223,152,151,8788,23447)(P,221,151,150,8788,23811)(S,218,150,141,9335,24358)(S,205,141,140,10473,25496)(S,204,140,139,11245,26268)(S,201,139,138,11496,26519)(S,200,138,137,11720,26743)(S,198,137,136,13098,28121)(S,197,136,135,14851,29874)(S,196,135,133,16439,31462)(S,195,133,134,16711,31734)(P,195,134,133,16711,32006)(S,194,133,132,18777,34072)(S,192,132,100,19349,34644)(S,146,100,96,23010,38305)(S,141,96,97,24958,40253)(S,145,97,98,25358,40653)(P,186,98,127,25358,44136)(P,185,127,126,25358,45856)(P,219,126,150,25358,46698)(P,222,150,255,25358,47175)(P,30,255,7,25358,48166)(P,3,7,6,25358,48987)(P,2,6,5,25358,49543)(P,1,5,1,25358,51403)(D,0,1,1,25358,51403)
1 13 21929 40458 30 (D,0,1,1,0,0)(P,1,1,5,0,1860)(P,2,5,6,0,2416)(P,3,6,7,0,3237)(P,30,7,255,0,4228)(P,222,255,150,0,4705)(P,219,150,126,0,5547)(P,185,126,127,0,7267)(P,186,127,98,0,10750)(S,186,98,127,3483,14233)(S,185,127,126,5203,15953)(S,219,126,150,6045,16795)(S,220,150,125,6926,17676)(S,183,125,124,8412,19162)(S,181,124,122,9322,20072)(S,178,122,121,12082,22832)(S,229,121,155,16390,27140)(S,228,155,152,18766,29516)(S,224,152,125,19737,30487)(S,184,125,126,20227,30977)(P,219,126,150,20227,31819)(P,218,150,141,20227,32366)(S,207,141,142,21535,33674)(S,206,142,140,21929,34068)(P,205,140,141,21929,35206)(P,218,141,150,21929,35753)(P,222,150,255,21929,36230)(P,30,255,7,21929,37221)(P,3,7,6,21929,38042)(P,2,6,5,21929,38598)(P,1,5,1,21929,40458)(D,0,1,1,21929,40458)
1 14 27510 52669 39 (D,0,1,1,0,0)(P,1,1,5,0,1860)(P,2,5,6,0,2416)(P,3,6,7,0,3237)(P,30,7,255,0,4228)(P,222,255,150,0,4705)(P,218,150,141,0,5252)(P,207,141,142,0,6560)(S,208,142,143,9647,16207)(S,209,143,144,12350,18910)(P,209,144,143,12350,21613)(S,210,143,145,13801,23064)(S,211,145,146,17186,26449)(S,212,146,136,17790,27053)(P,212,136,146,17790,27657)(S,213,146,147,19602,29469)(S,214,147,135,21008,30875)(P,214,135,147,21008,32281)(S,215,147,148,22541,33814)(S,216,148,149,23238,34511)(P,216,149,148,23238,35208)(S,217,148,145,24034,36004)(P,211,145,146,24034,39389)(P,212,146,136,24034,39993)(P,198,136,137,24034,41371)(S,199,137,130,24581,41918)(S,189,130,129,25289,42626)(S,188,129,128,25593,42930)(S,203,128,139,26182,43519)(P,201,139,138,26182,43770)(S,202,138,129,26606,44194)(P,188,129,128,26606,44498)(S,187,128,127,27510,45402)(P,185,127,126,27510,47122)(P,219,126,150,27510,47964)(P,222,150,255,27510,48441)(P,30,255,7,27510,49432)(P,3,7,6,27510,50253)(P,2,6,5,27510,50809)(P,1,5,1,27510,52669)(D,0,1,1,27510,52669)
1 15 27246 80024 80 (D,0,1,1,0,0)(P,1,1,5,0,1860)(P,2,5,6,0,2416)(P,3,6,7,0,3237)(P,30,7,255,0,4228)(P,222,255,150,0,4705)(P,218,150,141,0,5252)(P,205,141,140,0,6390)(P,204,140,139,0,7162)(P,201,139,138,0,7413)(P,200,138,137,0,7637)(P,199,137,130,0,8184)(S,190,130,131,2233,10417)(S,191,131,100,2739,10923)(S,147,100,2,4301,12485)(P,147,2,100,4301,14047)(P,191,100,131,4301,14553)(S,193,131,132,4606,14858)(P,193,132,131,4606,15163)(P,190,131,130,4606,17396)(P,199,130,137,4606,17943)(P,200,137,138,4606,18167)(P,201,138,139,4606,18418)(P,204,139,140,4606,19190)(P,205,140,141,4606,20328)(P,218,141,150,4606,20875)(P,222,150,255,4606,21352)(P,37,255,9,4606,21989)(P,6,9,10,4606,22271)(S,38,10,30,5104,22769)(S,40,30,31,5487,23152)(P,40,31,30,5487,23535)(S,43,30,33,6860,24908)(S,42,33,32,7280,25328)(P,42,32,33,7280,25748)(S,44,33,11,7410,25878)(P,44,11,33,7410,26008)(S,48,33,36,7834,26432)(S,47,36,35,8197,26795)(P,47,35,36,8197,27158)(S,49,36,12,8870,27831)(P,9,12,13,8870,28422)(S,51,13,37,9096,28648)(P,50,37,35,9096,29542)(P,46,35,34,9096,30052)(S,56,34,41,11629,32585)(S,55,41,39,14060,35016)(S,53,39,38,16082,37038)(S,52,38,25,16791,37747)(S,26,25,24,18352,39308)(P,26,24,25,18352,40869)(S,27,25,1,21193,43710)(P,27,1,25,21193,46551)(P,52,25,38,21193,47260)(P,53,38,39,21193,49282)(S,54,39,40,21940,50029)(S,112,40,77,22962,51051)(P,112,77,40,22962,52073)(P,54,40,39,22962,52820)(P,55,39,41,22962,55251)(S,59,41,43,26704,58993)(P,59,43,41,26704,62735)(P,56,41,34,26704,65268)(P,45,34,32,26704,65814)(P,42,32,33,26704,66234)(P,43,33,30,26704,67607)(P,38,30,10,26704,68105)(P,6,10,9,26704,68387)(P,37,9,255,26704,69024)(P,222,255,150,26704,69501)(P,220,150,125,26704,70382)(P,183,125,124,26704,71868)(S,182,124,123,27246,72410)(P,182,123,124,27246,72952)(P,183,124,125,27246,74438)(P,220,125,150,27246,75319)(P,222,150,255,27246,75796)(P,30,255,7,27246,76787)(P,3,7,6,27246,77608)(P,2,6,5,27246,78164)(P,1,5,1,27246,80024)(D,0,1,1,27246,80024)
1 16 26073 47262 27 (D,0,1,1,0,0)(P,1,1,5,0,1860)(P,2,5,6,0,2416)(P,3,6,7,0,3237)(P,30,7,255,0,4228)(P,222,255,150,0,4705)(P,220,150,125,0,5586)(P,183,125,124,0,7072)(P,182,124,123,0,7614)(S,179,123,122,843,8457)(P,179,122,123,843,9300)(S,180,123,116,5372,13829)(S,171,116,117,10368,18825)(S,173,117,118,12647,21104)(S,174,118,119,16569,25026)(S,176,119,120,23629,32086)(P,239,120,162,23629,32614)(S,240,162,163,26073,35058)(P,241,163,157,26073,37266)(P,232,157,154,26073,40440)(P,227,154,153,26073,40940)(P,225,153,151,26073,42193)(P,221,151,150,26073,42557)(P,222,150,255,26073,43034)(P,30,255,7,26073,44025)(P,3,7,6,26073,44846)(P,2,6,5,26073,45402)(P,1,5,1,26073,47262)(D,0,1,1,26073,47262)
1 17 25902 63855 44 (D,0,1,1,0,0)(P,1,1,5,0,1860)(P,2,5,6,0,2416)(P,3,6,7,0,3237)(P,30,7,255,0,4228)(P,222,255,150,0,4705)(P,221,150,151,0,5069)(P,225,151,153,0,6322)(P,227,153,154,0,6822)(P,232,154,157,0,9996)(P,241,157,163,0,12204)(S,241,163,157,2208,14412)(S,242,157,161,6371,18575)(S,245,161,165,6938,19142)(P,244,165,164,6938,19925)(S,251,164,169,13499,26486)(P,251,169,164,13499,33047)(P,244,164,165,13499,33830)(P,246,165,166,13499,34944)(S,247,166,167,14690,36135)(S,248,167,163,15328,36773)(S,250,163,168,16802,38247)(S,249,168,167,17708,39153)(P,249,167,168,17708,40059)(S,260,168,176,17979,40330)(S,259,176,175,18838,41189)(S,258,175,166,19534,41885)(P,258,166,175,19534,42581)(S,262,175,177,21130,44177)(S,266,177,180,22492,45539)(P,267,180,181,22492,46496)(S,268,181,177,24578,48582)(S,261,177,176,25902,49906)(P,260,176,168,25902,50177)(P,250,168,163,25902,51651)(P,241,163,157,25902,53859)(P,232,157,154,25902,57033)(P,227,154,153,25902,57533)(P,225,153,151,25902,58786)(P,221,151,150,25902,59150)(P,222,150,255,25902,59627)(P,30,255,7,25902,60618)(P,3,7,6,25902,61439)(P,2,6,5,25902,61995)(P,1,5,1,25902,63855)(D,0,1,1,25902,63855)
1 18 24164 86699 62 (D,0,1,1,0,0)(P,1,1,5,0,1860)(P,2,5,6,0,2416)(P,3,6,7,0,3237)(P,30,7,255,0,4228)(P,222,255,150,0,4705)(P,221,150,151,0,5069)(P,223,151,152,0,5805)(P,228,152,155,0,8181)(P,230,155,156,0,10301)(S,230,156,155,2120,12421)(P,229,155,121,2120,16729)(S,177,121,117,5277,19886)(S,175,117,119,5968,20577)(P,175,119,117,5968,21268)(P,173,117,118,5968,23547)(S,172,118,106,7268,24847)(P,172,106,118,7268,26147)(P,173,118,117,7268,28426)(P,177,117,121,7268,31583)(P,178,121,122,7268,34343)(P,181,122,124,7268,35253)(P,183,124,125,7268,36739)(P,224,125,152,7268,37710)(P,226,152,153,7268,38346)(P,227,153,154,7268,38846)(P,233,154,158,7268,40610)(S,235,158,160,8920,42262)(S,236,160,159,10010,43352)(P,234,159,158,10010,43686)(P,233,158,154,10010,45450)(P,227,154,153,10010,45950)(P,225,153,151,10010,47203)(P,221,151,150,10010,47567)(P,222,150,255,10010,48044)(P,30,255,7,10010,49035)(P,17,7,19,10010,49538)(P,20,19,21,10010,49998)(P,23,21,23,10010,50983)(P,25,23,24,10010,51462)(P,26,24,25,10010,53023)(P,52,25,38,10010,53732)(P,53,38,39,10010,55754)(S,57,39,42,13654,59398)(S,109,42,75,16133,61877)(S,107,75,74,16676,62420)(S,105,74,73,17253,62997)(S,104,73,72,20207,65951)(S,103,72,71,21820,67564)(S,100,71,69,22383,68127)(S,98,69,68,24164,69908)(P,136,68,94,24164,71978)(P,134,94,93,24164,72487)(P,142,93,97,24164,75549)(P,145,97,98,24164,75949)(P,186,98,127,24164,79432)(P,185,127,126,24164,81152)(P,219,126,150,24164,81994)(P,222,150,255,24164,82471)(P,30,255,7,24164,83462)(P,3,7,6,24164,84283)(P,2,6,5,24164,84839)(P,1,5,1,24164,86699)(D,0,1,1,24164,86699)
1 19 25638 56285 39 (D,0,1,1,0,0)(P,1,1,5,0,1860)(P,2,5,6,0,2416)(P,3,6,7,0,3237)(P,30,7,255,0,4228)(P,222,255,150,0,4705)(P,219,150,126,0,5547)(P,185,126,127,0,7267)(P,186,127,98,0,10750)(P,145,98,97,0,11150)(P,142,97,93,0,14212)(P,134,93,94,0,14721)(P,136,94,68,0,16791)(S,97,68,67,4409,21200)(S,95,67,64,7710,24501)(S,89,64,60,8833,25624)(S,84,60,59,9191,25982)(S,82,59,58,9515,26306)(S,80,58,57,9937,26728)(S,86,57,61,10305,27096)(S,87,61,62,10681,27472)(S,88,62,63,12350,29141)(S,102,63,70,15281,32072)(S,99,70,69,16382,33173)(P,100,69,71,16382,33736)(S,101,71,70,17366,34720)(P,101,70,71,17366,35704)(S,119,71,82,18640,36978)(S,118,82,81,20365,38703)(S,116,81,80,20577,38915)(S,115,80,78,25296,43634)(S,114,78,79,25638,43976)(P,114,79,78,25638,44318)(P,113,78,76,25638,47775)(P,111,76,77,25638,48944)(P,112,77,40,25638,49966)(P,54,40,39,25638,50713)(P,53,39,38,25638,52735)(P,52,38,25,25638,53444)(P,27,25,1,25638,56285)(D,0,1,1,25638,56285)
1 20 27726 57674 43 (D,0,1,1,0,0)(P,27,1,25,0,2841)(P,52,25,38,0,3550)(P,53,38,39,0,5572)(P,54,39,40,0,6319)(P,112,40,77,0,7341)(P,111,77,76,0,8510)(P,113,76,78,0,11967)(S,113,78,76,3457,15424)(S,110,76,75,6704,18671)(S,108,75,73,7292,19259)(P,105,73,74,7292,19836)(S,106,74,62,10601,23145)(P,87,62,61,10601,23521)(P,86,61,57,10601,23889)(S,79,57,56,10942,24230)(S,78,56,53,11487,24775)(S,72,53,52,12741,26029)(S,71,52,51,13931,27219)(S,70,51,50,15417,28705)(S,69,50,49,16458,29746)(S,67,49,48,17011,30299)(S,66,48,46,17785,31073)(S,65,46,47,18629,31917)(P,65,47,46,18629,32761)(S,68,46,49,19860,33992)(P,67,49,48,19860,34545)(S,94,48,4,20734,35419)(S,92,4,66,23296,37981)(S,91,66,65,25628,40313)(S,90,65,64,26148,40833)(P,89,64,60,26148,41956)(S,85,60,51,27224,43032)(P,71,51,52,27224,44222)(S,83,52,59,27726,44724)(P,82,59,58,27726,45048)(P,81,58,56,27726,45380)(P,78,56,53,27726,45925)(P,76,53,55,27726,46587)(P,75,55,42,27726,48458)(P,57,42,39,27726,52102)(P,53,39,38,27726,54124)(P,52,38,25,27726,54833)(P,27,25,1,27726,57674)(D,0,1,1,27726,57674)
1 21 27052 67500 48 (D,0,1,1,0,0)(P,27,1,25,0,2841)(P,52,25,38,0,3550)(P,53,38,39,0,5572)(P,57,39,42,0,9216)(P,75,42,55,0,11087)(P,76,55,53,0,11749)(P,78,53,56,0,12294)(P,81,56,58,0,12626)(S,81,58,56,332,12958)(P,78,56,53,332,13503)(S,73,53,54,800,13971)(S,74,54,55,1030,14201)(S,75,55,42,2901,16072)(S,58,42,43,3506,16677)(S,60,43,44,4172,17343)(S,77,44,54,5731,18902)(P,74,54,55,5731,19132)(S,76,55,53,6393,19794)(P,72,53,52,6393,21048)(P,71,52,51,6393,22238)(P,70,51,50,6393,23724)(S,93,50,4,8584,25915)(P,92,4,66,8584,28477)(S,96,66,67,12607,32500)(P,97,67,68,12607,36909)(S,136,68,94,14677,38979)(S,134,94,93,15186,39488)(S,133,93,92,16049,40351)(S,132,92,91,16499,40801)(S,131,91,83,19391,43693)(S,120,83,82,19813,44115)(P,120,82,83,19813,44537)(S,121,83,84,21484,46208)(S,122,84,80,22778,47502)(P,116,80,81,22778,47714)(S,117,81,72,23061,47997)(P,117,72,81,23061,48280)(P,116,81,80,23061,48492)(P,122,80,84,23061,49786)(S,123,84,85,25445,52170)(S,124,85,86,27052,53777)(P,127,86,88,27052,61787)(P,128,88,89,27052,62389)(P,130,89,255,27052,63272)(P,30,255,7,27052,64263)(P,3,7,6,27052,65084)(P,2,6,5,27052,65640)(P,1,5,1,27052,67500)(D,0,1,1,27052,67500)
1 22 26104 60534 32 (D,0,1,1,0,0)(P,1,1,5,0,1860)(P,2,5,6,0,2416)(P,3,6,7,0,3237)(P,30,7,255,0,4228)(P,130,255,89,0,5111)(P,128,89,88,0,5713)(P,127,88,86,0,13723)(S,126,86,87,1041,14764)(S,125,87,84,2520,16243)(P,125,84,87,2520,17722)(S,148,87,101,3943,19145)(S,162,101,112,7150,22352)(S,168,112,99,9683,24885)(S,144,99,98,14120,29322)(P,145,98,97,14120,29722)(S,142,97,93,17182,32784)(P,134,93,94,17182,33293)(S,137,94,95,19645,35756)(S,138,95,68,21035,37146)(P,138,68,95,21035,38536)(S,139,95,3,26104,43605)(P,140,3,96,26104,47436)(P,141,96,97,26104,49384)(P,145,97,98,26104,49784)(P,186,98,127,26104,53267)(P,185,127,126,26104,54987)(P,219,126,150,26104,55829)(P,222,150,255,26104,56306)(P,30,255,7,26104,57297)(P,3,7,6,26104,58118)(P,2,6,5,26104,58674)(P,1,5,1,26104,60534)(D,0,1,1,26104,60534)
