The random seed is 1592062867.
There are 255 vertices, 375 tasks, and the capacities of vehicles is 19400.

The max number of idle iteration of generating individual: 1000
Beta: 0.900000
The max iteration of k-means: 200
The algorithm stop at the 1729th iteration
The algorith took 952312 clicks (952.312000 seconds).
The best searched solution with total cost 2140800 :
1 1 17213 25566 34 (D,0,1,1,0,0)(S,1,1,5,1860,1860)(S,2,5,6,2416,2416)(S,3,6,7,3237,3237)(S,17,7,19,3740,3740)(S,16,19,18,4457,4457)(S,15,18,6,4886,4886)(P,15,6,18,4886,5315)(S,14,18,17,5204,5633)(S,13,17,16,5425,5854)(S,12,16,5,5815,6244)(P,12,5,16,5815,6634)(S,18,16,20,6775,7594)(S,19,20,21,7444,8263)(S,20,21,19,7904,8723)(P,20,19,21,7904,9183)(S,23,21,23,8889,10168)(S,22,23,22,9352,10631)(S,21,22,20,9871,11150)(P,21,20,22,9871,11669)(S,24,22,24,10399,12197)(S,25,24,23,10878,12676)(S,32,23,28,12349,14147)(S,33,28,27,12939,14737)(S,31,27,26,13908,15706)(S,28,26,21,14589,16387)(P,28,21,26,14589,17068)(S,29,26,8,15652,18131)(P,4,8,7,15652,18737)(P,17,7,19,15652,19240)(P,20,19,21,15652,19700)(P,23,21,23,15652,20685)(P,25,23,24,15652,21164)(S,26,24,25,17213,22725)(P,27,25,1,17213,25566)(D,0,1,1,17213,25566)
1 2 18429 42540 22 (D,0,1,1,0,0)(P,27,1,25,0,2841)(S,27,25,1,2841,5682)(P,27,1,25,2841,8523)(S,52,25,38,3550,9232)(S,53,38,39,5572,11254)(S,54,39,40,6319,12001)(S,112,40,77,7341,13023)(P,112,77,40,7341,14045)(P,54,40,39,7341,14792)(S,55,39,41,9772,17223)(P,55,41,39,9772,19654)(S,57,39,42,13416,23298)(S,58,42,43,14021,23903)(S,59,43,41,17763,27645)(P,59,41,43,17763,31387)(S,60,43,44,18429,32053)(P,60,44,43,18429,32719)(P,58,43,42,18429,33324)(P,57,42,39,18429,36968)(P,53,39,38,18429,38990)(P,52,38,25,18429,39699)(P,27,25,1,18429,42540)(D,0,1,1,18429,42540)
1 3 18022 50993 33 (D,0,1,1,0,0)(P,27,1,25,0,2841)(P,52,25,38,0,3550)(P,53,38,39,0,5572)(P,57,39,42,0,9216)(P,58,42,43,0,9821)(P,60,43,44,0,10487)(S,61,44,37,5067,15554)(P,51,37,13,5067,15780)(P,10,13,14,5067,19137)(S,11,14,15,6989,21059)(S,63,15,45,8403,22473)(S,64,45,46,11184,25254)(S,65,46,47,12028,26098)(P,65,47,46,12028,26942)(S,66,46,48,12802,27716)(S,67,48,49,13355,28269)(S,68,49,46,14586,29500)(P,66,46,48,14586,30274)(S,94,48,4,15460,31148)(S,92,4,66,18022,33710)(P,91,66,65,18022,36042)(P,90,65,64,18022,36562)(P,89,64,60,18022,37685)(P,84,60,59,18022,38043)(P,82,59,58,18022,38367)(P,81,58,56,18022,38699)(P,78,56,53,18022,39244)(P,76,53,55,18022,39906)(P,75,55,42,18022,41777)(P,57,42,39,18022,45421)(P,53,39,38,18022,47443)(P,52,38,25,18022,48152)(P,27,25,1,18022,50993)(D,0,1,1,18022,50993)
1 4 17150 55768 41 (D,0,1,1,0,0)(P,27,1,25,0,2841)(P,52,25,38,0,3550)(P,53,38,39,0,5572)(P,57,39,42,0,9216)(P,75,42,55,0,11087)(P,76,55,53,0,11749)(P,78,53,56,0,12294)(P,81,56,58,0,12626)(P,82,58,59,0,12950)(P,84,59,60,0,13308)(P,89,60,64,0,14431)(P,90,64,65,0,14951)(P,91,65,66,0,17283)(S,91,66,65,2332,19615)(S,90,65,64,2852,20135)(S,89,64,60,3975,21258)(S,84,60,59,4333,21616)(S,82,59,58,4657,21940)(S,80,58,57,5079,22362)(S,79,57,56,5420,22703)(S,78,56,53,5965,23248)(S,72,53,52,7219,24502)(S,71,52,51,8409,25692)(S,70,51,50,9895,27178)(S,69,50,49,10936,28219)(P,69,49,50,10936,29260)(S,93,50,4,13127,31451)(P,92,4,66,13127,34013)(S,96,66,67,17150,38036)(P,95,67,64,17150,41337)(P,89,64,60,17150,42460)(P,84,60,59,17150,42818)(P,82,59,58,17150,43142)(P,81,58,56,17150,43474)(P,78,56,53,17150,44019)(P,76,53,55,17150,44681)(P,75,55,42,17150,46552)(P,57,42,39,17150,50196)(P,53,39,38,17150,52218)(P,52,38,25,17150,52927)(P,27,25,1,17150,55768)(D,0,1,1,17150,55768)
1 5 17846 56288 39 (D,0,1,1,0,0)(P,27,1,25,0,2841)(P,52,25,38,0,3550)(P,53,38,39,0,5572)(P,57,39,42,0,9216)(P,75,42,55,0,11087)(P,76,55,53,0,11749)(P,78,53,56,0,12294)(P,81,56,58,0,12626)(P,82,58,59,0,12950)(P,84,59,60,0,13308)(P,89,60,64,0,14431)(P,95,64,67,0,17732)(S,95,67,64,3301,21033)(P,89,64,60,3301,22156)(S,85,60,51,4377,23232)(P,71,51,52,4377,24422)(S,83,52,59,4879,24924)(P,82,59,58,4879,25248)(S,81,58,56,5211,25580)(P,79,56,57,5211,25921)(S,86,57,61,5579,26289)(S,87,61,62,5955,26665)(S,88,62,63,7624,28334)(S,102,63,70,10555,31265)(S,99,70,69,11656,32366)(S,98,69,68,13437,34147)(S,97,68,67,17846,38556)(P,95,67,64,17846,41857)(P,89,64,60,17846,42980)(P,84,60,59,17846,43338)(P,82,59,58,17846,43662)(P,81,58,56,17846,43994)(P,78,56,53,17846,44539)(P,76,53,55,17846,45201)(P,75,55,42,17846,47072)(P,57,42,39,17846,50716)(P,53,39,38,17846,52738)(P,52,38,25,17846,53447)(P,27,25,1,17846,56288)(D,0,1,1,17846,56288)
1 6 16849 42659 29 (D,0,1,1,0,0)(P,1,1,5,0,1860)(P,2,5,6,0,2416)(P,3,6,7,0,3237)(P,30,7,255,0,4228)(P,222,255,150,0,4705)(P,219,150,126,0,5547)(P,185,126,127,0,7267)(P,186,127,98,0,10750)(P,145,98,97,0,11150)(P,142,97,93,0,14212)(P,134,93,94,0,14721)(P,136,94,68,0,16791)(S,136,68,94,2070,18861)(S,134,94,93,2579,19370)(P,134,93,94,2579,19879)(S,135,94,92,2972,20272)(S,132,92,91,3422,20722)(S,131,91,83,6314,23614)(S,120,83,82,6736,24036)(S,118,82,81,8461,25761)(S,116,81,80,8673,25973)(S,115,80,78,13392,30692)(S,113,78,76,16849,34149)(P,111,76,77,16849,35318)(P,112,77,40,16849,36340)(P,54,40,39,16849,37087)(P,53,39,38,16849,39109)(P,52,38,25,16849,39818)(P,27,25,1,16849,42659)(D,0,1,1,16849,42659)
1 7 18866 48494 35 (D,0,1,1,0,0)(P,27,1,25,0,2841)(P,52,25,38,0,3550)(P,53,38,39,0,5572)(P,54,39,40,0,6319)(P,112,40,77,0,7341)(P,111,77,76,0,8510)(S,110,76,75,3247,11757)(S,107,75,74,3790,12300)(S,105,74,73,4367,12877)(S,104,73,72,7321,15831)(S,103,72,71,8934,17444)(S,100,71,69,9497,18007)(P,100,69,71,9497,18570)(S,101,71,70,10481,19554)(P,101,70,71,10481,20538)(S,119,71,82,11755,21812)(P,120,82,83,11755,22234)(S,121,83,84,13426,23905)(S,122,84,80,14720,25199)(P,116,80,81,14720,25411)(S,117,81,72,15003,25694)(P,117,72,81,15003,25977)(P,116,81,80,15003,26189)(P,122,80,84,15003,27483)(S,123,84,85,17387,29867)(P,123,85,84,17387,32251)(S,125,84,87,18866,33730)(P,126,87,86,18866,34771)(P,127,86,88,18866,42781)(P,128,88,89,18866,43383)(P,130,89,255,18866,44266)(P,30,255,7,18866,45257)(P,3,7,6,18866,46078)(P,2,6,5,18866,46634)(P,1,5,1,18866,48494)(D,0,1,1,18866,48494)
1 8 18578 67249 40 (D,0,1,1,0,0)(P,1,1,5,0,1860)(P,2,5,6,0,2416)(P,3,6,7,0,3237)(P,30,7,255,0,4228)(P,130,255,89,0,5111)(P,128,89,88,0,5713)(P,127,88,86,0,13723)(P,126,86,87,0,14764)(S,148,87,101,1423,16187)(S,149,101,102,2138,16902)(S,150,102,103,2710,17474)(S,161,103,111,2922,17686)(S,160,111,102,3358,18122)(P,149,102,101,3358,18837)(P,162,101,112,3358,22044)(P,168,112,99,3358,24577)(P,143,99,91,3358,25339)(P,132,91,92,3358,25789)(P,135,92,94,3358,26182)(S,137,94,95,5821,28645)(S,138,95,68,7211,30035)(P,138,68,95,7211,31425)(S,139,95,3,12280,36494)(P,139,3,95,12280,41563)(P,138,95,68,12280,42953)(P,98,68,69,12280,44734)(P,100,69,71,12280,45297)(P,103,71,72,12280,46910)(P,104,72,73,12280,49864)(S,108,73,75,12868,50452)(S,109,75,42,15347,52931)(S,75,42,55,17218,54802)(S,74,55,54,17448,55032)(S,73,54,53,17916,55500)(S,76,53,55,18578,56162)(P,75,55,42,18578,58033)(P,57,42,39,18578,61677)(P,53,39,38,18578,63699)(P,52,38,25,18578,64408)(P,27,25,1,18578,67249)(D,0,1,1,18578,67249)
1 9 15700 62657 47 (D,0,1,1,0,0)(P,27,1,25,0,2841)(P,52,25,38,0,3550)(P,53,38,39,0,5572)(P,57,39,42,0,9216)(P,75,42,55,0,11087)(P,74,55,54,0,11317)(S,77,54,44,1559,12876)(S,62,44,14,4966,16283)(P,62,14,44,4966,19690)(P,77,44,54,4966,21249)(P,73,54,53,4966,21717)(P,78,53,56,4966,22262)(P,79,56,57,4966,22603)(P,86,57,61,4966,22971)(P,87,61,62,4966,23347)(S,106,62,74,8275,26656)(P,107,74,75,8275,27199)(P,110,75,76,8275,30446)(S,111,76,77,9444,31615)(P,111,77,76,9444,32784)(P,113,76,78,9444,36241)(S,114,78,79,9786,36583)(P,114,79,78,9786,36925)(P,113,78,76,9786,40382)(P,111,76,77,9786,41551)(P,112,77,40,9786,42573)(P,54,40,39,9786,43320)(P,53,39,38,9786,45342)(P,52,38,25,9786,46051)(P,26,25,24,9786,47612)(P,25,24,23,9786,48091)(P,23,23,21,9786,49076)(P,20,21,19,9786,49536)(P,17,19,7,9786,50039)(S,30,7,255,10777,51030)(S,37,255,9,11414,51667)(S,5,9,8,13609,53862)(S,4,8,7,14215,54468)(P,30,7,255,14215,55459)(S,130,255,89,15098,56342)(S,128,89,88,15700,56944)(P,128,88,89,15700,57546)(P,130,89,255,15700,58429)(P,30,255,7,15700,59420)(P,3,7,6,15700,60241)(P,2,6,5,15700,60797)(P,1,5,1,15700,62657)(D,0,1,1,15700,62657)
1 10 18741 46558 28 (D,0,1,1,0,0)(P,1,1,5,0,1860)(P,2,5,6,0,2416)(P,3,6,7,0,3237)(P,30,7,255,0,4228)(P,130,255,89,0,5111)(P,128,89,88,0,5713)(S,127,88,86,8010,13723)(S,124,86,85,9617,15330)(P,124,85,86,9617,16937)(S,126,86,87,10658,17978)(P,148,87,101,10658,19401)(S,162,101,112,13865,22608)(S,163,112,113,14445,23188)(S,164,113,114,15649,24392)(S,166,114,104,18741,27484)(P,166,104,114,18741,30576)(P,164,114,113,18741,31780)(P,167,113,115,18741,34111)(P,170,115,116,18741,34415)(P,180,116,123,18741,38944)(P,182,123,124,18741,39486)(P,183,124,125,18741,40972)(P,220,125,150,18741,41853)(P,222,150,255,18741,42330)(P,30,255,7,18741,43321)(P,3,7,6,18741,44142)(P,2,6,5,18741,44698)(P,1,5,1,18741,46558)(D,0,1,1,18741,46558)
1 11 18417 51550 37 (D,0,1,1,0,0)(P,1,1,5,0,1860)(P,2,5,6,0,2416)(P,3,6,7,0,3237)(P,30,7,255,0,4228)(P,222,255,150,0,4705)(P,220,150,125,0,5586)(P,183,125,124,0,7072)(P,182,124,123,0,7614)(P,180,123,116,0,12143)(P,170,116,115,0,12447)(P,167,115,113,0,14778)(P,164,113,114,0,15982)(P,166,114,104,0,19074)(S,152,104,105,1298,20372)(S,153,105,106,2749,21823)(S,156,106,108,3379,22453)(S,155,108,107,3876,22950)(S,154,107,105,4858,23932)(P,154,105,107,4858,24914)(S,158,107,109,5936,25992)(S,157,109,108,7204,27260)(P,156,108,106,7204,27890)(S,172,106,118,8504,29190)(S,174,118,119,12426,33112)(S,175,119,117,13117,33803)(S,171,117,116,18113,38799)(S,170,116,115,18417,39103)(P,170,115,116,18417,39407)(P,180,116,123,18417,43936)(P,182,123,124,18417,44478)(P,183,124,125,18417,45964)(P,220,125,150,18417,46845)(P,222,150,255,18417,47322)(P,30,255,7,18417,48313)(P,3,7,6,18417,49134)(P,2,6,5,18417,49690)(P,1,5,1,18417,51550)(D,0,1,1,18417,51550)
1 12 18124 45354 29 (D,0,1,1,0,0)(P,1,1,5,0,1860)(P,2,5,6,0,2416)(P,3,6,7,0,3237)(P,30,7,255,0,4228)(P,222,255,150,0,4705)(P,220,150,125,0,5586)(P,183,125,124,0,7072)(P,182,124,123,0,7614)(P,180,123,116,0,12143)(P,170,116,115,0,12447)(S,167,115,113,2331,14778)(P,163,113,112,2331,15358)(S,168,112,99,4864,17891)(S,169,99,115,6835,19862)(P,170,115,116,6835,20166)(S,180,116,123,11364,24695)(S,179,123,122,12207,25538)(S,178,122,121,14967,28298)(S,177,121,117,18124,31455)(P,177,117,121,18124,34612)(P,178,121,122,18124,37372)(P,181,122,124,18124,38282)(P,183,124,125,18124,39768)(P,220,125,150,18124,40649)(P,222,150,255,18124,41126)(P,30,255,7,18124,42117)(P,3,7,6,18124,42938)(P,2,6,5,18124,43494)(P,1,5,1,18124,45354)(D,0,1,1,18124,45354)
1 13 18937 41058 28 (D,0,1,1,0,0)(P,1,1,5,0,1860)(P,2,5,6,0,2416)(P,3,6,7,0,3237)(P,30,7,255,0,4228)(P,222,255,150,0,4705)(P,220,150,125,0,5586)(P,183,125,124,0,7072)(P,181,124,122,0,7982)(P,178,122,121,0,10742)(P,177,121,117,0,13899)(S,173,117,118,2279,16178)(P,173,118,117,2279,18457)(P,175,117,119,2279,19148)(S,176,119,120,9339,26208)(S,239,120,162,9867,26736)(S,238,162,156,11804,28673)(S,231,156,157,13099,29968)(S,232,157,154,16273,33142)(S,227,154,153,16773,33642)(S,225,153,151,18026,34895)(S,221,151,150,18390,35259)(S,218,150,141,18937,35806)(P,218,141,150,18937,36353)(P,222,150,255,18937,36830)(P,30,255,7,18937,37821)(P,3,7,6,18937,38642)(P,2,6,5,18937,39198)(P,1,5,1,18937,41058)(D,0,1,1,18937,41058)
1 14 19182 39415 28 (D,0,1,1,0,0)(P,1,1,5,0,1860)(P,2,5,6,0,2416)(P,3,6,7,0,3237)(P,30,7,255,0,4228)(P,222,255,150,0,4705)(P,218,150,141,0,5252)(S,205,141,140,1138,6390)(S,204,140,139,1910,7162)(S,201,139,138,2161,7413)(S,200,138,137,2385,7637)(S,198,137,136,3763,9015)(S,197,136,135,5516,10768)(S,196,135,133,7104,12356)(S,194,133,132,9170,14422)(S,192,132,100,9742,14994)(S,146,100,96,13403,18655)(S,140,96,3,17234,22486)(P,140,3,96,17234,26317)(S,141,96,97,19182,28265)(P,145,97,98,19182,28665)(P,186,98,127,19182,32148)(P,185,127,126,19182,33868)(P,219,126,150,19182,34710)(P,222,150,255,19182,35187)(P,30,255,7,19182,36178)(P,3,7,6,19182,36999)(P,2,6,5,19182,37555)(P,1,5,1,19182,39415)(D,0,1,1,19182,39415)
1 15 19036 38070 30 (D,0,1,1,0,0)(P,1,1,5,0,1860)(P,2,5,6,0,2416)(P,3,6,7,0,3237)(P,30,7,255,0,4228)(P,222,255,150,0,4705)(P,219,150,126,0,5547)(P,185,126,127,0,7267)(P,186,127,98,0,10750)(P,145,98,97,0,11150)(S,142,97,93,3062,14212)(S,133,93,92,3925,15075)(P,132,92,91,3925,15525)(S,143,91,99,4687,16287)(S,144,99,98,9124,20724)(S,145,98,97,9524,21124)(P,145,97,98,9524,21524)(S,186,98,127,13007,25007)(S,185,127,126,14727,26727)(S,184,126,125,15217,27217)(S,183,125,124,16703,28703)(S,181,124,122,17613,29613)(P,179,122,123,17613,30456)(S,182,123,124,18155,30998)(P,183,124,125,18155,32484)(S,220,125,150,19036,33365)(P,222,150,255,19036,33842)(P,30,255,7,19036,34833)(P,3,7,6,19036,35654)(P,2,6,5,19036,36210)(P,1,5,1,19036,38070)(D,0,1,1,19036,38070)
1 16 15879 36692 33 (D,0,1,1,0,0)(P,1,1,5,0,1860)(P,2,5,6,0,2416)(P,3,6,7,0,3237)(P,30,7,255,0,4228)(P,222,255,150,0,4705)(S,219,150,126,842,5547)(P,184,126,125,842,6037)(S,224,125,152,1813,7008)(S,223,152,151,2549,7744)(P,221,151,150,2549,8108)(S,222,150,255,3026,8585)(S,256,255,171,4067,9626)(S,253,171,170,5038,10597)(S,252,170,120,8492,14051)(P,239,120,162,8492,14579)(S,240,162,163,10936,17023)(S,248,163,167,11574,17661)(S,247,167,166,12765,18852)(S,246,166,165,13879,19966)(S,244,165,164,14662,20749)(S,243,164,161,15312,21399)(S,245,161,165,15879,21966)(P,245,165,161,15879,22533)(P,242,161,157,15879,26696)(P,232,157,154,15879,29870)(P,227,154,153,15879,30370)(P,225,153,151,15879,31623)(P,221,151,150,15879,31987)(P,222,150,255,15879,32464)(P,30,255,7,15879,33455)(P,3,7,6,15879,34276)(P,2,6,5,15879,34832)(P,1,5,1,15879,36692)(D,0,1,1,15879,36692)
1 17 19064 51530 31 (D,0,1,1,0,0)(P,1,1,5,0,1860)(P,2,5,6,0,2416)(P,3,6,7,0,3237)(P,30,7,255,0,4228)(P,222,255,150,0,4705)(P,221,150,151,0,5069)(P,225,151,153,0,6322)(P,227,153,154,0,6822)(P,232,154,157,0,9996)(P,242,157,161,0,14159)(S,237,161,159,5318,19477)(S,234,159,158,5652,19811)(S,233,158,154,7416,21575)(P,227,154,153,7416,22075)(S,226,153,152,8052,22711)(S,228,152,155,10428,25087)(S,229,155,121,14736,29395)(P,229,121,155,14736,33703)(S,230,155,156,16856,35823)(P,231,156,157,16856,37118)(S,241,157,163,19064,39326)(P,241,163,157,19064,41534)(P,232,157,154,19064,44708)(P,227,154,153,19064,45208)(P,225,153,151,19064,46461)(P,221,151,150,19064,46825)(P,222,150,255,19064,47302)(P,30,255,7,19064,48293)(P,3,7,6,19064,49114)(P,2,6,5,19064,49670)(P,1,5,1,19064,51530)(D,0,1,1,19064,51530)
1 18 19005 46954 35 (D,0,1,1,0,0)(P,1,1,5,0,1860)(P,2,5,6,0,2416)(P,3,6,7,0,3237)(P,30,7,255,0,4228)(P,222,255,150,0,4705)(P,221,150,151,0,5069)(P,225,151,153,0,6322)(P,227,153,154,0,6822)(P,232,154,157,0,9996)(P,241,157,163,0,12204)(S,250,163,168,1474,13678)(S,249,168,167,2380,14584)(P,249,167,168,2380,15490)(S,260,168,176,2651,15761)(S,259,176,175,3510,16620)(S,258,175,166,4206,17316)(S,263,166,178,7625,20735)(S,264,178,179,9607,22717)(S,265,179,180,11680,24790)(S,266,180,177,13042,26152)(S,261,177,176,14366,27476)(P,259,176,175,14366,28335)(S,262,175,177,15962,29931)(S,268,177,181,18048,32017)(S,267,181,180,19005,32974)(P,267,180,181,19005,33931)(P,269,181,182,19005,34679)(P,270,182,174,19005,35910)(P,257,174,170,19005,40714)(P,253,170,171,19005,41685)(P,256,171,255,19005,42726)(P,30,255,7,19005,43717)(P,3,7,6,19005,44538)(P,2,6,5,19005,45094)(P,1,5,1,19005,46954)(D,0,1,1,19005,46954)
1 19 18509 48423 30 (D,0,1,1,0,0)(P,1,1,5,0,1860)(P,2,5,6,0,2416)(P,3,6,7,0,3237)(P,30,7,255,0,4228)(P,256,255,171,0,5269)(P,253,171,170,0,6240)(P,257,170,174,0,11044)(P,270,174,182,0,12275)(P,269,182,181,0,13023)(S,269,181,182,748,13771)(S,270,182,174,1979,15002)(S,271,174,183,2762,15785)(S,272,183,179,4078,17101)(S,273,179,184,5809,18832)(S,274,184,185,7308,20331)(S,275,185,178,9567,22590)(P,275,178,185,9567,24849)(S,276,185,186,12676,27958)(S,279,186,187,13945,29227)(S,278,187,184,15397,30679)(P,278,184,187,15397,32131)(S,280,187,188,18509,35243)(P,281,188,174,18509,37379)(P,257,174,170,18509,42183)(P,253,170,171,18509,43154)(P,256,171,255,18509,44195)(P,30,255,7,18509,45186)(P,3,7,6,18509,46007)(P,2,6,5,18509,46563)(P,1,5,1,18509,48423)(D,0,1,1,18509,48423)
1 20 18766 49488 35 (D,0,1,1,0,0)(P,1,1,5,0,1860)(P,2,5,6,0,2416)(P,3,6,7,0,3237)(P,30,7,255,0,4228)(P,256,255,171,0,5269)(P,253,171,170,0,6240)(P,257,170,174,0,11044)(P,281,174,188,0,13180)(S,281,188,174,2136,15316)(S,257,174,170,6940,20120)(P,253,170,171,6940,21091)(S,254,171,172,7826,21977)(S,255,172,173,8256,22407)(P,255,173,172,8256,22837)(P,254,172,171,8256,23723)(P,256,171,255,8256,24764)(S,343,255,233,8610,25118)(S,341,233,232,12703,29211)(S,340,232,231,14115,30623)(S,338,231,230,14441,30949)(S,337,230,229,14859,31367)(S,336,229,223,17539,34047)(S,328,223,222,18234,34742)(S,327,222,221,18766,35274)(P,327,221,222,18766,35806)(P,328,222,223,18766,36501)(P,336,223,229,18766,39181)(P,339,229,231,18766,39401)(P,340,231,232,18766,40813)(P,341,232,233,18766,44906)(P,343,233,255,18766,45260)(P,30,255,7,18766,46251)(P,3,7,6,18766,47072)(P,2,6,5,18766,47628)(P,1,5,1,18766,49488)(D,0,1,1,18766,49488)
1 21 16505 49024 35 (D,0,1,1,0,0)(P,1,1,5,0,1860)(P,2,5,6,0,2416)(P,3,6,7,0,3237)(P,30,7,255,0,4228)(P,343,255,233,0,4582)(P,341,233,232,0,8675)(P,340,232,231,0,10087)(P,339,231,229,0,10307)(P,336,229,223,0,12987)(P,328,223,222,0,13682)(P,327,222,221,0,14214)(S,326,221,215,4667,18881)(S,318,215,213,6228,20442)(S,316,213,206,7928,22142)(S,307,206,201,8811,23025)(S,298,201,200,9761,23975)(S,297,200,199,12279,26493)(S,295,199,198,15519,29733)(S,293,198,197,15828,30042)(S,291,197,195,16129,30343)(S,289,195,194,16505,30719)(P,362,194,244,16505,31917)(P,361,244,245,16505,32537)(P,367,245,248,16505,35441)(P,368,248,249,16505,36065)(P,370,249,250,16505,37905)(P,372,250,229,16505,38717)(P,339,229,231,16505,38937)(P,340,231,232,16505,40349)(P,341,232,233,16505,44442)(P,343,233,255,16505,44796)(P,30,255,7,16505,45787)(P,3,7,6,16505,46608)(P,2,6,5,16505,47164)(P,1,5,1,16505,49024)(D,0,1,1,16505,49024)
1 22 18376 56279 41 (D,0,1,1,0,0)(P,1,1,5,0,1860)(P,2,5,6,0,2416)(P,3,6,7,0,3237)(P,30,7,255,0,4228)(P,343,255,233,0,4582)(P,341,233,232,0,8675)(P,340,232,231,0,10087)(P,339,231,229,0,10307)(P,372,229,250,0,11119)(P,370,250,249,0,12959)(P,368,249,248,0,13583)(P,367,248,245,0,16487)(P,361,245,244,0,17107)(P,362,244,194,0,18305)(S,288,194,190,3251,21556)(S,283,190,189,5816,24121)(S,282,189,188,6571,24876)(P,282,188,189,6571,25631)(S,284,189,191,7363,26423)(S,285,191,192,8594,27654)(S,287,192,193,9176,28236)(S,286,193,191,10266,29326)(P,286,191,193,10266,30416)(S,349,193,238,11167,31317)(S,348,238,236,12836,32986)(S,346,236,235,14481,34631)(S,351,235,239,15907,36057)(S,350,239,238,16984,37134)(P,350,238,239,16984,38211)(S,354,239,241,18376,39603)(P,354,241,239,18376,40995)(P,351,239,235,18376,42421)(P,345,235,230,18376,45866)(P,338,230,231,18376,46192)(P,340,231,232,18376,47604)(P,341,232,233,18376,51697)(P,343,233,255,18376,52051)(P,30,255,7,18376,53042)(P,3,7,6,18376,53863)(P,2,6,5,18376,54419)(P,1,5,1,18376,56279)(D,0,1,1,18376,56279)
1 23 18652 48608 35 (D,0,1,1,0,0)(P,1,1,5,0,1860)(P,2,5,6,0,2416)(P,3,6,7,0,3237)(P,30,7,255,0,4228)(P,343,255,233,0,4582)(P,341,233,232,0,8675)(P,340,232,231,0,10087)(P,338,231,230,0,10413)(P,345,230,235,0,13858)(P,351,235,239,0,15284)(P,354,239,241,0,16676)(S,355,241,242,1248,17924)(S,356,242,192,1651,18327)(P,356,192,242,1651,18730)(S,357,242,243,3341,20420)(S,358,243,241,4558,21637)(S,353,241,240,7438,24517)(S,352,240,235,9643,26722)(S,345,235,230,13088,30167)(P,338,230,231,13088,30493)(S,339,231,229,13308,30713)(S,372,229,250,14120,31525)(S,370,250,249,15960,33365)(S,368,249,248,16584,33989)(S,366,248,247,18652,36057)(P,371,247,250,18652,37489)(P,372,250,229,18652,38301)(P,339,229,231,18652,38521)(P,340,231,232,18652,39933)(P,341,232,233,18652,44026)(P,343,233,255,18652,44380)(P,30,255,7,18652,45371)(P,3,7,6,18652,46192)(P,2,6,5,18652,46748)(P,1,5,1,18652,48608)(D,0,1,1,18652,48608)
1 24 17047 45489 31 (D,0,1,1,0,0)(P,1,1,5,0,1860)(P,2,5,6,0,2416)(P,3,6,7,0,3237)(P,30,7,255,0,4228)(P,343,255,233,0,4582)(P,341,233,232,0,8675)(P,340,232,231,0,10087)(P,339,231,229,0,10307)(P,372,229,250,0,11119)(P,371,250,247,0,12551)(S,365,247,246,2680,15231)(S,363,246,245,7883,20434)(S,360,245,243,9635,22186)(S,359,243,244,11215,23766)(S,361,244,245,11835,24386)(S,367,245,248,14739,27290)(P,368,248,249,14739,27914)(S,369,249,240,15615,28790)(P,369,240,249,15615,29666)(P,370,249,250,15615,31506)(S,371,250,247,17047,32938)(P,371,247,250,17047,34370)(P,372,250,229,17047,35182)(P,339,229,231,17047,35402)(P,340,231,232,17047,36814)(P,341,232,233,17047,40907)(P,343,233,255,17047,41261)(P,30,255,7,17047,42252)(P,3,7,6,17047,43073)(P,2,6,5,17047,43629)(P,1,5,1,17047,45489)(D,0,1,1,17047,45489)
1 25 12197 46200 35 (D,0,1,1,0,0)(P,1,1,5,0,1860)(P,2,5,6,0,2416)(P,3,6,7,0,3237)(P,30,7,255,0,4228)(P,343,255,233,0,4582)(P,341,233,232,0,8675)(P,340,232,231,0,10087)(P,339,231,229,0,10307)(P,372,229,250,0,11119)(P,371,250,247,0,12551)(S,373,247,222,2857,15408)(S,330,222,225,3788,16339)(S,331,225,224,4333,16884)(S,329,224,221,6049,18600)(P,327,221,222,6049,19132)(P,328,222,223,6049,19827)(S,333,223,225,7119,20897)(P,331,225,224,7119,21442)(S,332,224,226,7864,22187)(P,332,226,224,7864,22932)(P,331,224,225,7864,23477)(P,333,225,223,7864,24547)(S,334,223,227,8997,25680)(S,335,227,228,12197,28880)(P,335,228,227,12197,32080)(P,334,227,223,12197,33213)(P,336,223,229,12197,35893)(P,339,229,231,12197,36113)(P,340,231,232,12197,37525)(P,341,232,233,12197,41618)(P,343,233,255,12197,41972)(P,30,255,7,12197,42963)(P,3,7,6,12197,43784)(P,2,6,5,12197,44340)(P,1,5,1,12197,46200)(D,0,1,1,12197,46200)
1 26 18945 34639 27 (D,0,1,1,0,0)(P,1,1,5,0,1860)(P,2,5,6,0,2416)(P,3,6,7,0,3237)(P,30,7,255,0,4228)(P,343,255,233,0,4582)(P,341,233,232,0,8675)(S,344,232,234,7275,15950)(S,342,234,233,11282,19957)(P,343,233,255,11282,20311)(P,37,255,9,11282,20948)(S,6,9,10,11564,21230)(S,7,10,11,13398,23064)(S,8,11,12,14507,24173)(S,9,12,13,15098,24764)(S,51,13,37,15324,24990)(S,50,37,35,16218,25884)(S,46,35,34,16728,26394)(S,45,34,32,17274,26940)(S,41,32,31,18945,28611)(P,40,31,30,18945,28994)(P,38,30,10,18945,29492)(P,6,10,9,18945,29774)(P,37,9,255,18945,30411)(P,30,255,7,18945,31402)(P,3,7,6,18945,32223)(P,2,6,5,18945,32779)(P,1,5,1,18945,34639)(D,0,1,1,18945,34639)
1 27 15643 45781 55 (D,0,1,1,0,0)(P,1,1,5,0,1860)(P,2,5,6,0,2416)(P,3,6,7,0,3237)(P,30,7,255,0,4228)(P,37,255,9,0,4865)(P,6,9,10,0,5147)(P,38,10,30,0,5645)(P,40,30,31,0,6028)(S,39,31,29,559,6587)(S,34,29,27,1279,7307)(P,33,27,28,1279,7897)(S,35,28,29,2098,8716)(S,36,29,9,2892,9510)(P,6,9,10,2892,9792)(S,38,10,30,3390,10290)(S,40,30,31,3773,10673)(P,40,31,30,3773,11056)(S,43,30,33,5146,12429)(S,42,33,32,5566,12849)(P,42,32,33,5566,13269)(S,44,33,11,5696,13399)(P,44,11,33,5696,13529)(S,48,33,36,6120,13953)(S,47,36,35,6483,14316)(P,47,35,36,6483,14679)(S,49,36,12,7156,15352)(P,9,12,13,7156,15943)(S,10,13,14,10513,19300)(P,10,14,13,10513,22657)(P,51,13,37,10513,22883)(P,50,37,35,10513,23777)(P,46,35,34,10513,24287)(S,56,34,41,13046,26820)(P,56,41,34,13046,29353)(P,45,34,32,13046,29899)(P,42,32,33,13046,30319)(P,43,33,30,13046,31692)(P,38,30,10,13046,32190)(P,6,10,9,13046,32472)(P,37,9,255,13046,33109)(P,130,255,89,13046,33992)(S,129,89,90,13941,34887)(P,129,90,89,13941,35782)(P,130,89,255,13941,36665)(P,222,255,150,13941,37142)(P,218,150,141,13941,37689)(S,207,141,142,15249,38997)(S,206,142,140,15643,39391)(P,205,140,141,15643,40529)(P,218,141,150,15643,41076)(P,222,150,255,15643,41553)(P,30,255,7,15643,42544)(P,3,7,6,15643,43365)(P,2,6,5,15643,43921)(P,1,5,1,15643,45781)(D,0,1,1,15643,45781)
1 28 18305 36237 26 (D,0,1,1,0,0)(P,1,1,5,0,1860)(P,2,5,6,0,2416)(P,3,6,7,0,3237)(P,30,7,255,0,4228)(P,222,255,150,0,4705)(P,218,150,141,0,5252)(P,207,141,142,0,6560)(S,208,142,143,9647,16207)(S,210,143,145,11098,17658)(S,211,145,146,14483,21043)(S,212,146,136,15087,21647)(P,212,136,146,15087,22251)(S,213,146,147,16899,24063)(S,214,147,135,18305,25469)(P,197,135,136,18305,27222)(P,198,136,137,18305,28600)(P,200,137,138,18305,28824)(P,201,138,139,18305,29075)(P,204,139,140,18305,29847)(P,205,140,141,18305,30985)(P,218,141,150,18305,31532)(P,222,150,255,18305,32009)(P,30,255,7,18305,33000)(P,3,7,6,18305,33821)(P,2,6,5,18305,34377)(P,1,5,1,18305,36237)(D,0,1,1,18305,36237)
1 29 16825 62370 66 (D,0,1,1,0,0)(P,1,1,5,0,1860)(P,2,5,6,0,2416)(P,3,6,7,0,3237)(P,30,7,255,0,4228)(P,222,255,150,0,4705)(P,218,150,141,0,5252)(P,205,141,140,0,6390)(P,204,140,139,0,7162)(P,201,139,138,0,7413)(P,200,138,137,0,7637)(P,198,137,136,0,9015)(P,212,136,146,0,9619)(P,213,146,147,0,11431)(S,215,147,148,1533,12964)(S,216,148,149,2230,13661)(P,216,149,148,2230,14358)(S,217,148,145,3026,15154)(P,210,145,143,3026,16605)(S,209,143,144,5729,19308)(P,209,144,143,5729,22011)(P,210,143,145,5729,23462)(P,217,145,148,5729,24258)(P,215,148,147,5729,25791)(P,214,147,135,5729,27197)(P,196,135,133,5729,28785)(S,195,133,134,6001,29057)(P,195,134,133,6001,29329)(P,194,133,132,6001,31395)(S,193,132,131,6306,31700)(S,191,131,100,6812,32206)(S,147,100,2,8374,33768)(P,147,2,100,8374,35330)(P,191,100,131,8374,35836)(S,190,131,130,10607,38069)(S,189,130,129,11315,38777)(S,188,129,128,11619,39081)(S,187,128,127,12523,39985)(P,187,127,128,12523,40889)(S,203,128,139,13112,41478)(P,201,139,138,13112,41729)(S,202,138,129,13536,42153)(P,202,129,138,13536,42577)(P,200,138,137,13536,42801)(S,199,137,130,14083,43348)(P,199,130,137,14083,43895)(P,200,137,138,14083,44119)(P,201,138,139,14083,44370)(P,204,139,140,14083,45142)(P,205,140,141,14083,46280)(P,218,141,150,14083,46827)(P,221,150,151,14083,47191)(P,225,151,153,14083,48444)(P,227,153,154,14083,48944)(P,233,154,158,14083,50708)(S,235,158,160,15735,52360)(S,236,160,159,16825,53450)(P,234,159,158,16825,53784)(P,233,158,154,16825,55548)(P,227,154,153,16825,56048)(P,225,153,151,16825,57301)(P,221,151,150,16825,57665)(P,222,150,255,16825,58142)(P,30,255,7,16825,59133)(P,3,7,6,16825,59954)(P,2,6,5,16825,60510)(P,1,5,1,16825,62370)(D,0,1,1,16825,62370)
1 30 17905 68698 41 (D,0,1,1,0,0)(P,1,1,5,0,1860)(P,2,5,6,0,2416)(P,3,6,7,0,3237)(P,30,7,255,0,4228)(P,222,255,150,0,4705)(P,221,150,151,0,5069)(P,225,151,153,0,6322)(P,227,153,154,0,6822)(P,232,154,157,0,9996)(S,242,157,161,4163,14159)(P,243,161,164,4163,14809)(S,251,164,169,10724,21370)(P,251,169,164,10724,27931)(P,244,164,165,10724,28714)(P,246,165,166,10724,29828)(P,263,166,178,10724,33247)(P,275,178,185,10724,35506)(S,277,185,253,14146,38928)(P,277,253,185,14146,42350)(P,276,185,186,14146,45459)(S,292,186,197,17407,48720)(P,291,197,195,17407,49021)(S,290,195,196,17699,49313)(S,294,196,198,17905,49519)(P,294,198,196,17905,49725)(P,290,196,195,17905,50017)(P,289,195,194,17905,50393)(P,362,194,244,17905,51591)(P,361,244,245,17905,52211)(P,367,245,248,17905,55115)(P,368,248,249,17905,55739)(P,370,249,250,17905,57579)(P,372,250,229,17905,58391)(P,339,229,231,17905,58611)(P,340,231,232,17905,60023)(P,341,232,233,17905,64116)(P,343,233,255,17905,64470)(P,30,255,7,17905,65461)(P,3,7,6,17905,66282)(P,2,6,5,17905,66838)(P,1,5,1,17905,68698)(D,0,1,1,17905,68698)
1 31 17793 62333 43 (D,0,1,1,0,0)(P,1,1,5,0,1860)(P,2,5,6,0,2416)(P,3,6,7,0,3237)(P,30,7,255,0,4228)(P,343,255,233,0,4582)(P,341,233,232,0,8675)(P,340,232,231,0,10087)(P,339,231,229,0,10307)(P,372,229,250,0,11119)(P,370,250,249,0,12959)(P,368,249,248,0,13583)(P,367,248,245,0,16487)(P,361,245,244,0,17107)(P,362,244,194,0,18305)(P,289,194,195,0,18681)(P,290,195,196,0,18973)(S,296,196,199,3076,22049)(P,297,199,200,3076,24567)(S,299,200,202,4013,25504)(S,300,202,201,4415,25906)(P,300,201,202,4415,26308)(S,301,202,203,5959,27852)(S,302,203,204,8741,30634)(S,305,204,252,10352,32245)(S,304,252,251,12589,34482)(S,303,251,203,17793,39686)(P,301,203,202,17793,41230)(P,300,202,201,17793,41632)(P,307,201,206,17793,42515)(P,316,206,213,17793,44215)(P,318,213,215,17793,45776)(P,364,215,246,17793,47102)(P,365,246,247,17793,49782)(P,371,247,250,17793,51214)(P,372,250,229,17793,52026)(P,339,229,231,17793,52246)(P,340,231,232,17793,53658)(P,341,232,233,17793,57751)(P,343,233,255,17793,58105)(P,30,255,7,17793,59096)(P,3,7,6,17793,59917)(P,2,6,5,17793,60473)(P,1,5,1,17793,62333)(D,0,1,1,17793,62333)
1 32 17754 69576 41 (D,0,1,1,0,0)(P,1,1,5,0,1860)(P,2,5,6,0,2416)(P,3,6,7,0,3237)(P,30,7,255,0,4228)(P,343,255,233,0,4582)(P,341,233,232,0,8675)(P,340,232,231,0,10087)(P,339,231,229,0,10307)(P,372,229,250,0,11119)(P,371,250,247,0,12551)(P,365,247,246,0,15231)(P,364,246,215,0,16557)(P,318,215,213,0,18118)(P,316,213,206,0,19818)(P,308,206,205,0,22307)(P,306,205,204,0,24570)(S,306,204,205,2263,26833)(S,309,205,207,4158,28728)(S,310,207,208,7006,31576)(S,311,208,209,10375,34945)(S,312,209,210,11893,36463)(S,313,210,211,12257,36827)(P,313,211,210,12257,37191)(S,314,210,212,16979,41913)(S,374,212,254,17754,42688)(P,375,254,217,17754,43069)(P,321,217,216,17754,45354)(P,320,216,214,17754,51754)(P,319,214,215,17754,53019)(P,364,215,246,17754,54345)(P,365,246,247,17754,57025)(P,371,247,250,17754,58457)(P,372,250,229,17754,59269)(P,339,229,231,17754,59489)(P,340,231,232,17754,60901)(P,341,232,233,17754,64994)(P,343,233,255,17754,65348)(P,30,255,7,17754,66339)(P,3,7,6,17754,67160)(P,2,6,5,17754,67716)(P,1,5,1,17754,69576)(D,0,1,1,17754,69576)
