The random seed is 1592053496.
There are 77 vertices, 51 tasks, and the capacities of vehicles is 305.

The max number of idle iteration of generating individual: 1000
Beta: 0.900000
The max iteration of k-means: 200
The algorithm stop at the 1505th iteration
The algorith took 30602 clicks (30.602000 seconds).
The best searched solution with total cost 5387 :
1 1 246 676 21 (D,0,1,1,0,0)(S,1,1,2,32,32)(S,3,2,4,49,49)(S,4,4,5,105,105)(P,53,5,7,105,111)(P,54,7,8,105,129)(P,55,8,9,105,155)(S,5,9,10,125,175)(P,56,10,11,125,187)(P,37,11,59,125,265)(P,46,59,69,125,276)(S,47,69,4,200,351)(P,3,4,2,200,368)(S,2,2,3,214,382)(P,2,3,2,214,396)(P,3,2,4,214,413)(P,47,4,69,214,488)(S,45,69,58,246,520)(P,45,58,69,246,552)(P,47,69,4,246,627)(P,3,4,2,246,644)(P,1,2,1,246,676)(D,0,1,1,246,676)
1 2 295 690 18 (D,0,1,1,0,0)(P,1,1,2,0,32)(P,3,2,4,0,49)(P,47,4,69,0,124)(P,45,69,58,0,156)(S,35,58,57,78,234)(S,34,57,42,92,248)(P,78,42,43,92,259)(S,23,43,44,170,337)(S,51,44,59,198,365)(S,36,59,58,223,390)(S,38,58,60,256,423)(S,39,60,61,295,462)(P,39,61,60,295,501)(P,38,60,58,295,534)(P,45,58,69,295,566)(P,47,69,4,295,641)(P,3,4,2,295,658)(P,1,2,1,295,690)(D,0,1,1,295,690)
1 3 253 1031 32 (D,0,1,1,0,0)(P,1,1,2,0,32)(P,3,2,4,0,49)(P,47,4,69,0,124)(P,45,69,58,0,156)(P,38,58,60,0,189)(S,40,60,62,23,212)(S,41,62,63,53,242)(S,42,63,65,74,263)(P,42,65,63,74,284)(P,41,63,62,74,314)(S,43,62,66,90,330)(S,44,66,68,135,375)(P,44,68,66,135,420)(P,43,66,62,135,436)(P,98,62,67,135,467)(P,93,67,56,135,503)(S,33,56,55,141,509)(P,33,55,56,141,515)(P,85,56,42,141,541)(P,77,42,41,141,559)(S,22,41,35,156,574)(S,21,35,32,242,660)(P,21,32,35,242,746)(P,22,35,41,242,761)(P,77,41,42,242,779)(P,78,42,43,242,790)(P,23,43,44,242,868)(P,51,44,59,242,896)(S,46,59,69,253,907)(P,47,69,4,253,982)(P,3,4,2,253,999)(P,1,2,1,253,1031)(D,0,1,1,253,1031)
1 4 291 783 37 (D,0,1,1,0,0)(P,1,1,2,0,32)(P,3,2,4,0,49)(P,47,4,69,0,124)(P,46,69,59,0,135)(S,37,59,11,78,213)(P,37,11,59,78,291)(P,51,59,44,78,319)(S,24,44,45,90,331)(P,79,45,46,90,343)(S,25,46,44,103,356)(P,25,44,46,103,369)(S,26,46,47,136,402)(S,27,47,48,146,412)(P,27,48,47,146,422)(S,28,47,49,155,431)(S,29,49,50,163,439)(S,31,50,52,165,441)(S,32,52,54,169,445)(P,32,54,52,169,449)(P,82,52,53,169,453)(P,81,53,51,169,457)(S,30,51,49,179,467)(P,30,49,51,179,477)(S,50,51,21,181,479)(S,14,21,19,219,517)(S,13,19,20,251,549)(S,49,20,76,259,557)(P,94,76,12,259,564)(S,6,12,11,291,596)(P,56,11,10,291,608)(P,5,10,9,291,628)(P,55,9,8,291,654)(P,54,8,7,291,672)(P,53,7,5,291,678)(P,4,5,4,291,734)(P,3,4,2,291,751)(P,1,2,1,291,783)(D,0,1,1,291,783)
1 5 252 870 36 (D,0,1,1,0,0)(P,1,1,2,0,32)(P,3,2,4,0,49)(P,4,4,5,0,105)(P,53,5,7,0,111)(P,54,7,8,0,129)(P,55,8,9,0,155)(P,5,9,10,0,175)(P,56,10,11,0,187)(P,6,11,12,0,219)(S,7,12,16,29,248)(S,8,16,13,42,261)(S,9,13,14,49,268)(P,57,14,15,49,275)(S,10,15,17,75,301)(P,10,17,15,75,327)(S,11,15,18,113,365)(S,12,18,19,154,406)(P,14,19,21,154,444)(S,15,21,22,171,461)(S,16,22,75,195,485)(S,48,75,23,212,502)(S,17,23,31,252,542)(P,17,31,23,252,582)(P,48,23,75,252,599)(P,16,75,22,252,623)(P,15,22,21,252,640)(P,50,21,51,252,642)(P,30,51,49,252,652)(P,28,49,47,252,661)(P,26,47,46,252,694)(P,25,46,44,252,707)(P,51,44,59,252,735)(P,46,59,69,252,746)(P,47,69,4,252,821)(P,3,4,2,252,838)(P,1,2,1,252,870)(D,0,1,1,252,870)
