The random seed is 1592053617.
There are 77 vertices, 72 tasks, and the capacities of vehicles is 200.

The max number of idle iteration of generating individual: 1000
Beta: 0.900000
The max iteration of k-means: 200
The algorithm stop at the 1365th iteration
The algorith took 69662 clicks (69.662000 seconds).
The best searched solution with total cost 8301 :
1 1 169 338 14 (D,0,1,1,0,0)(S,1,1,2,32,32)(S,2,2,3,46,46)(P,2,3,2,46,60)(S,3,2,4,63,77)(S,4,4,5,119,133)(S,5,5,7,125,139)(S,6,7,8,143,157)(S,7,8,9,169,183)(P,7,9,8,169,209)(P,6,8,7,169,227)(P,5,7,5,169,233)(P,4,5,4,169,289)(P,3,4,2,169,306)(P,1,2,1,169,338)(D,0,1,1,169,338)
1 2 143 384 12 (D,0,1,1,0,0)(P,1,1,2,0,32)(P,3,2,4,0,49)(S,64,4,69,75,124)(S,62,69,58,107,156)(P,52,58,59,107,181)(S,63,59,69,118,192)(P,63,69,59,118,203)(S,52,59,58,143,228)(P,62,58,69,143,260)(P,64,69,4,143,335)(P,3,4,2,143,352)(P,1,2,1,143,384)(D,0,1,1,143,384)
1 3 182 524 15 (D,0,1,1,0,0)(P,1,1,2,0,32)(P,3,2,4,0,49)(P,64,4,69,0,124)(P,62,69,58,0,156)(S,51,58,57,78,234)(S,50,57,42,92,248)(P,87,42,43,92,259)(S,35,43,44,170,337)(S,36,44,45,182,349)(P,36,45,44,182,361)(P,72,44,59,182,389)(P,63,59,69,182,400)(P,64,69,4,182,475)(P,3,4,2,182,492)(P,1,2,1,182,524)(D,0,1,1,182,524)
1 4 189 657 31 (D,0,1,1,0,0)(P,1,1,2,0,32)(P,3,2,4,0,49)(P,64,4,69,0,124)(P,63,69,59,0,135)(P,72,59,44,0,163)(P,37,44,46,0,176)(S,38,46,47,33,209)(S,39,47,48,43,219)(P,39,48,47,43,229)(S,40,47,49,52,238)(S,41,49,50,60,246)(S,43,50,52,62,248)(S,45,52,53,66,252)(S,44,53,51,70,256)(S,42,51,49,80,266)(P,41,49,50,80,274)(S,48,50,19,110,304)(S,15,19,18,151,345)(S,14,18,15,189,383)(P,95,15,77,189,396)(P,96,77,76,189,431)(P,94,76,12,189,438)(P,9,12,11,189,470)(P,74,11,10,189,482)(P,8,10,9,189,502)(P,7,9,8,189,528)(P,6,8,7,189,546)(P,5,7,5,189,552)(P,4,5,4,189,608)(P,3,4,2,189,625)(P,1,2,1,189,657)(D,0,1,1,189,657)
1 5 185 627 24 (D,0,1,1,0,0)(P,1,1,2,0,32)(P,3,2,4,0,49)(P,4,4,5,0,105)(P,5,5,7,0,111)(P,6,7,8,0,129)(P,7,8,9,0,155)(P,8,9,10,0,175)(P,74,10,11,0,187)(P,9,11,12,0,219)(P,94,12,76,0,226)(P,96,76,77,0,261)(P,95,77,15,0,274)(S,13,15,17,26,300)(P,13,17,15,26,326)(P,75,15,14,26,333)(S,12,14,13,33,340)(S,11,13,16,46,353)(S,10,16,12,75,382)(S,9,12,11,107,414)(S,53,11,59,185,492)(P,63,59,69,185,503)(P,64,69,4,185,578)(P,3,4,2,185,595)(P,1,2,1,185,627)(D,0,1,1,185,627)
1 6 168 589 29 (D,0,1,1,0,0)(P,1,1,2,0,32)(P,3,2,4,0,49)(P,64,4,69,0,124)(P,63,69,59,0,135)(S,72,59,44,28,163)(S,37,44,46,41,176)(P,38,46,47,41,209)(P,40,47,49,41,218)(P,41,49,50,41,226)(P,43,50,52,41,228)(S,46,52,54,45,232)(P,46,54,52,45,236)(P,45,52,53,45,240)(S,47,53,24,69,264)(S,20,24,22,73,268)(S,18,22,21,90,285)(S,17,21,19,128,323)(S,16,19,20,160,355)(S,70,20,76,168,363)(P,94,76,12,168,370)(P,9,12,11,168,402)(P,74,11,10,168,414)(P,8,10,9,168,434)(P,7,9,8,168,460)(P,6,8,7,168,478)(P,5,7,5,168,484)(P,4,5,4,168,540)(P,3,4,2,168,557)(P,1,2,1,168,589)(D,0,1,1,168,589)
1 7 196 927 40 (D,0,1,1,0,0)(P,1,1,2,0,32)(P,3,2,4,0,49)(P,4,4,5,0,105)(P,5,5,7,0,111)(P,6,7,8,0,129)(P,7,8,9,0,155)(P,8,9,10,0,175)(P,74,10,11,0,187)(P,9,11,12,0,219)(P,94,12,76,0,226)(P,70,76,20,0,234)(P,77,20,18,0,255)(S,68,18,72,92,347)(S,66,72,73,97,352)(S,65,73,71,102,357)(P,65,71,73,102,362)(S,67,73,74,127,387)(P,67,74,73,127,412)(P,66,73,72,127,417)(P,68,72,18,127,509)(P,15,18,19,127,550)(P,17,19,21,127,588)(S,71,21,51,129,590)(P,71,51,21,129,592)(P,18,21,22,129,609)(S,19,22,75,153,633)(S,22,75,25,169,649)(S,21,25,24,196,676)(P,20,24,22,196,680)(P,18,22,21,196,697)(P,71,21,51,196,699)(P,42,51,49,196,709)(P,40,49,47,196,718)(P,38,47,46,196,751)(P,37,46,44,196,764)(P,72,44,59,196,792)(P,63,59,69,196,803)(P,64,69,4,196,878)(P,3,4,2,196,895)(P,1,2,1,196,927)(D,0,1,1,196,927)
1 8 184 865 31 (D,0,1,1,0,0)(P,1,1,2,0,32)(P,3,2,4,0,49)(P,64,4,69,0,124)(P,63,69,59,0,135)(P,72,59,44,0,163)(P,37,44,46,0,176)(P,38,46,47,0,209)(P,40,47,49,0,218)(P,42,49,51,0,228)(P,71,51,21,0,230)(P,18,21,22,0,247)(P,20,22,24,0,251)(P,21,24,25,0,278)(S,23,25,26,17,295)(S,24,26,23,29,307)(S,28,23,31,69,347)(S,29,31,32,127,405)(S,30,32,33,157,435)(S,33,33,36,184,462)(P,33,36,33,184,489)(P,80,33,37,184,564)(P,82,37,39,184,585)(P,83,39,40,184,590)(P,85,40,41,184,599)(P,86,41,42,184,617)(P,50,42,57,184,631)(P,51,57,58,184,709)(P,62,58,69,184,741)(P,64,69,4,184,816)(P,3,4,2,184,833)(P,1,2,1,184,865)(D,0,1,1,184,865)
1 9 183 864 24 (D,0,1,1,0,0)(P,1,1,2,0,32)(P,3,2,4,0,49)(P,64,4,69,0,124)(P,62,69,58,0,156)(P,51,58,57,0,234)(P,50,57,42,0,248)(P,86,42,41,0,266)(P,34,41,35,0,281)(P,32,35,32,0,367)(S,31,32,34,43,410)(P,31,34,32,43,453)(S,32,32,35,129,539)(S,34,35,41,144,554)(P,86,41,42,144,572)(P,90,42,56,144,598)(S,49,56,55,150,604)(P,49,55,56,150,610)(P,93,56,67,150,646)(P,97,67,60,150,675)(S,54,60,58,183,708)(P,62,58,69,183,740)(P,64,69,4,183,815)(P,3,4,2,183,832)(P,1,2,1,183,864)(D,0,1,1,183,864)
1 10 183 744 24 (D,0,1,1,0,0)(P,1,1,2,0,32)(P,3,2,4,0,49)(P,64,4,69,0,124)(P,62,69,58,0,156)(P,54,58,60,0,189)(S,55,60,61,39,228)(P,55,61,60,39,267)(S,56,60,62,62,290)(S,57,62,63,92,320)(S,58,63,64,101,329)(P,58,64,63,101,338)(S,59,63,65,122,359)(P,59,65,63,122,380)(P,57,63,62,122,410)(S,60,62,66,138,426)(S,61,66,68,183,471)(P,61,68,66,183,516)(P,60,66,62,183,532)(P,56,62,60,183,555)(P,54,60,58,183,588)(P,62,58,69,183,620)(P,64,69,4,183,695)(P,3,4,2,183,712)(P,1,2,1,183,744)(D,0,1,1,183,744)
