The random seed is 1592053687.
There are 77 vertices, 72 tasks, and the capacities of vehicles is 140.

The max number of idle iteration of generating individual: 1000
Beta: 0.900000
The max iteration of k-means: 200
The algorithm stop at the 1359th iteration
The algorith took 51154 clicks (51.154000 seconds).
The best searched solution with total cost 9422 :
1 1 125 250 10 (D,0,1,1,0,0)(S,1,1,2,32,32)(S,2,2,3,46,46)(P,2,3,2,46,60)(S,3,2,4,63,77)(S,4,4,5,119,133)(S,5,5,7,125,139)(P,5,7,5,125,145)(P,4,5,4,125,201)(P,3,4,2,125,218)(P,1,2,1,125,250)(D,0,1,1,125,250)
1 2 138 522 22 (D,0,1,1,0,0)(P,1,1,2,0,32)(P,3,2,4,0,49)(P,4,4,5,0,105)(P,5,5,7,0,111)(S,6,7,8,18,129)(S,7,8,9,44,155)(S,8,9,10,64,175)(P,74,10,11,64,187)(S,9,11,12,96,219)(S,10,12,16,125,248)(S,11,16,13,138,261)(P,11,13,16,138,274)(P,10,16,12,138,303)(P,9,12,11,138,335)(P,74,11,10,138,347)(P,8,10,9,138,367)(P,7,9,8,138,393)(P,6,8,7,138,411)(P,5,7,5,138,417)(P,4,5,4,138,473)(P,3,4,2,138,490)(P,1,2,1,138,522)(D,0,1,1,138,522)
1 3 71 620 28 (D,0,1,1,0,0)(P,1,1,2,0,32)(P,3,2,4,0,49)(P,4,4,5,0,105)(P,5,5,7,0,111)(P,6,7,8,0,129)(P,7,8,9,0,155)(P,8,9,10,0,175)(P,74,10,11,0,187)(P,9,11,12,0,219)(P,10,12,16,0,248)(P,11,16,13,0,261)(S,12,13,14,7,268)(P,75,14,15,7,275)(S,13,15,17,33,301)(P,13,17,15,33,327)(S,14,15,18,71,365)(P,77,18,20,71,386)(P,70,20,76,71,394)(P,94,76,12,71,401)(P,9,12,11,71,433)(P,74,11,10,71,445)(P,8,10,9,71,465)(P,7,9,8,71,491)(P,6,8,7,71,509)(P,5,7,5,71,515)(P,4,5,4,71,571)(P,3,4,2,71,588)(P,1,2,1,71,620)(D,0,1,1,71,620)
1 4 127 764 32 (D,0,1,1,0,0)(P,1,1,2,0,32)(P,3,2,4,0,49)(P,4,4,5,0,105)(P,5,5,7,0,111)(P,6,7,8,0,129)(P,7,8,9,0,155)(P,8,9,10,0,175)(P,74,10,11,0,187)(P,9,11,12,0,219)(P,94,12,76,0,226)(P,70,76,20,0,234)(P,77,20,18,0,255)(S,68,18,72,92,347)(S,66,72,73,97,352)(S,65,73,71,102,357)(P,65,71,73,102,362)(S,67,73,74,127,387)(P,67,74,73,127,412)(P,66,73,72,127,417)(P,68,72,18,127,509)(P,77,18,20,127,530)(P,70,20,76,127,538)(P,94,76,12,127,545)(P,9,12,11,127,577)(P,74,11,10,127,589)(P,8,10,9,127,609)(P,7,9,8,127,635)(P,6,8,7,127,653)(P,5,7,5,127,659)(P,4,5,4,127,715)(P,3,4,2,127,732)(P,1,2,1,127,764)(D,0,1,1,127,764)
1 5 81 562 25 (D,0,1,1,0,0)(P,1,1,2,0,32)(P,3,2,4,0,49)(P,4,4,5,0,105)(P,5,5,7,0,111)(P,6,7,8,0,129)(P,7,8,9,0,155)(P,8,9,10,0,175)(P,74,10,11,0,187)(P,9,11,12,0,219)(P,94,12,76,0,226)(P,70,76,20,0,234)(P,77,20,18,0,255)(S,15,18,19,41,296)(S,16,19,20,73,328)(S,70,20,76,81,336)(P,94,76,12,81,343)(P,9,12,11,81,375)(P,74,11,10,81,387)(P,8,10,9,81,407)(P,7,9,8,81,433)(P,6,8,7,81,451)(P,5,7,5,81,457)(P,4,5,4,81,513)(P,3,4,2,81,530)(P,1,2,1,81,562)(D,0,1,1,81,562)
1 6 78 400 13 (D,0,1,1,0,0)(P,1,1,2,0,32)(P,3,2,4,0,49)(P,4,4,5,0,105)(P,5,5,7,0,111)(P,6,7,8,0,129)(P,7,8,9,0,155)(P,8,9,10,0,175)(P,74,10,11,0,187)(S,53,11,59,78,265)(P,63,59,69,78,276)(P,64,69,4,78,351)(P,3,4,2,78,368)(P,1,2,1,78,400)(D,0,1,1,78,400)
1 7 107 312 8 (D,0,1,1,0,0)(P,1,1,2,0,32)(P,3,2,4,0,49)(S,64,4,69,75,124)(P,62,69,58,75,156)(S,62,58,69,107,188)(P,64,69,4,107,263)(P,3,4,2,107,280)(P,1,2,1,107,312)(D,0,1,1,107,312)
1 8 92 496 12 (D,0,1,1,0,0)(P,1,1,2,0,32)(P,3,2,4,0,49)(P,64,4,69,0,124)(P,62,69,58,0,156)(S,51,58,57,78,234)(S,50,57,42,92,248)(P,50,42,57,92,262)(P,51,57,58,92,340)(P,62,58,69,92,372)(P,64,69,4,92,447)(P,3,4,2,92,464)(P,1,2,1,92,496)(D,0,1,1,92,496)
1 9 131 519 15 (D,0,1,1,0,0)(P,1,1,2,0,32)(P,3,2,4,0,49)(P,64,4,69,0,124)(P,63,69,59,0,135)(P,72,59,44,0,163)(P,35,44,43,0,241)(S,35,43,44,78,319)(S,36,44,45,90,331)(P,88,45,46,90,343)(S,37,46,44,103,356)(S,72,44,59,131,384)(P,63,59,69,131,395)(P,64,69,4,131,470)(P,3,4,2,131,487)(P,1,2,1,131,519)(D,0,1,1,131,519)
1 10 120 506 15 (D,0,1,1,0,0)(P,1,1,2,0,32)(P,3,2,4,0,49)(P,64,4,69,0,124)(P,63,69,59,0,135)(S,52,59,58,25,160)(S,54,58,60,58,193)(S,55,60,61,97,232)(P,55,61,60,97,271)(S,56,60,62,120,294)(P,56,62,60,120,317)(P,54,60,58,120,350)(P,62,58,69,120,382)(P,64,69,4,120,457)(P,3,4,2,120,474)(P,1,2,1,120,506)(D,0,1,1,120,506)
1 11 127 787 27 (D,0,1,1,0,0)(P,1,1,2,0,32)(P,3,2,4,0,49)(P,64,4,69,0,124)(P,62,69,58,0,156)(P,54,58,60,0,189)(P,56,60,62,0,212)(S,57,62,63,30,242)(S,58,63,64,39,251)(P,58,64,63,39,260)(S,59,63,65,60,281)(P,59,65,63,60,302)(P,57,63,62,60,332)(S,60,62,66,76,348)(S,61,66,68,121,393)(P,61,68,66,121,438)(P,60,66,62,121,454)(P,98,62,67,121,485)(P,93,67,56,121,521)(S,49,56,55,127,527)(P,49,55,56,127,533)(P,93,56,67,127,569)(P,97,67,60,127,598)(P,54,60,58,127,631)(P,62,58,69,127,663)(P,64,69,4,127,738)(P,3,4,2,127,755)(P,1,2,1,127,787)(D,0,1,1,127,787)
1 12 101 734 18 (D,0,1,1,0,0)(P,1,1,2,0,32)(P,3,2,4,0,49)(P,64,4,69,0,124)(P,62,69,58,0,156)(P,51,58,57,0,234)(P,50,57,42,0,248)(P,86,42,41,0,266)(S,34,41,35,15,281)(S,32,35,32,101,367)(P,32,32,35,101,453)(P,34,35,41,101,468)(P,86,41,42,101,486)(P,50,42,57,101,500)(P,51,57,58,101,578)(P,62,58,69,101,610)(P,64,69,4,101,685)(P,3,4,2,101,702)(P,1,2,1,101,734)(D,0,1,1,101,734)
1 13 127 772 26 (D,0,1,1,0,0)(P,1,1,2,0,32)(P,3,2,4,0,49)(P,64,4,69,0,124)(P,62,69,58,0,156)(P,51,58,57,0,234)(P,50,57,42,0,248)(P,86,42,41,0,266)(P,34,41,35,0,281)(P,32,35,32,0,367)(S,29,32,31,58,425)(S,28,31,23,98,465)(S,24,23,26,110,477)(S,23,26,25,127,494)(P,21,25,24,127,521)(P,20,24,22,127,525)(P,18,22,21,127,542)(P,71,21,51,127,544)(P,42,51,49,127,554)(P,40,49,47,127,563)(P,38,47,46,127,596)(P,37,46,44,127,609)(P,72,44,59,127,637)(P,63,59,69,127,648)(P,64,69,4,127,723)(P,3,4,2,127,740)(P,1,2,1,127,772)(D,0,1,1,127,772)
1 14 133 620 27 (D,0,1,1,0,0)(P,1,1,2,0,32)(P,3,2,4,0,49)(P,64,4,69,0,124)(P,63,69,59,0,135)(P,72,59,44,0,163)(P,37,44,46,0,176)(P,38,46,47,0,209)(P,40,47,49,0,218)(P,42,49,51,0,228)(P,71,51,21,0,230)(P,18,21,22,0,247)(P,20,22,24,0,251)(P,21,24,25,0,278)(S,21,25,24,27,305)(S,20,24,22,31,309)(S,18,22,21,48,326)(S,17,21,19,86,364)(S,48,19,50,116,394)(S,41,50,49,124,402)(S,40,49,47,133,411)(P,38,47,46,133,444)(P,37,46,44,133,457)(P,72,44,59,133,485)(P,63,59,69,133,496)(P,64,69,4,133,571)(P,3,4,2,133,588)(P,1,2,1,133,620)(D,0,1,1,133,620)
