The random seed is 1592055446.
There are 140 vertices, 159 tasks, and the capacities of vehicles is 240.

The max number of idle iteration of generating individual: 1000
Beta: 0.900000
The max iteration of k-means: 200
The algorithm stop at the 1236th iteration
The algorith took 185361 clicks (185.361000 seconds).
The best searched solution with total cost 14972 :
1 1 233 555 34 (D,0,1,1,0,0)(S,129,1,116,18,18)(S,130,116,117,37,37)(S,131,117,115,57,57)(S,128,115,116,67,67)(P,130,116,117,67,86)(S,133,117,118,116,135)(P,183,118,121,116,152)(P,184,121,120,116,168)(S,135,120,119,130,182)(S,134,119,117,154,206)(S,132,117,2,170,222)(P,132,2,117,170,238)(P,134,117,119,170,262)(P,135,119,120,170,276)(P,184,120,121,170,292)(P,185,121,122,170,300)(P,186,122,87,170,315)(S,101,87,86,174,319)(S,100,86,85,194,339)(S,99,85,84,204,349)(S,97,84,82,217,362)(S,94,82,80,233,378)(P,94,80,82,233,394)(P,97,82,84,233,407)(P,99,84,85,233,417)(P,100,85,86,233,437)(P,101,86,87,233,441)(P,186,87,122,233,456)(P,185,122,121,233,464)(P,184,121,120,233,480)(P,135,120,119,233,494)(P,134,119,117,233,518)(P,130,117,116,233,537)(P,129,116,1,233,555)(D,0,1,1,233,555)
1 2 229 728 44 (D,0,1,1,0,0)(P,129,1,116,0,18)(P,130,116,117,0,37)(P,134,117,119,0,61)(P,135,119,120,0,75)(P,184,120,121,0,91)(P,185,121,122,0,99)(P,186,122,87,0,114)(P,101,87,86,0,118)(P,100,86,85,0,138)(P,99,85,84,0,148)(P,97,84,82,0,161)(P,94,82,80,0,177)(S,91,80,79,12,189)(S,90,79,78,24,201)(S,89,78,77,39,216)(S,87,77,76,49,226)(S,85,76,75,96,273)(P,85,75,76,96,320)(S,86,76,74,123,347)(P,82,74,73,123,352)(S,83,73,44,159,388)(S,44,44,43,190,419)(S,42,43,42,195,424)(S,41,42,37,212,441)(S,33,37,35,229,458)(P,33,35,37,229,475)(P,43,37,43,229,491)(P,49,43,46,229,496)(P,88,46,77,229,512)(P,89,77,78,229,527)(P,90,78,79,229,539)(P,91,79,80,229,551)(P,94,80,82,229,567)(P,97,82,84,229,580)(P,99,84,85,229,590)(P,100,85,86,229,610)(P,101,86,87,229,614)(P,186,87,122,229,629)(P,185,122,121,229,637)(P,184,121,120,229,653)(P,135,120,119,229,667)(P,134,119,117,229,691)(P,130,117,116,229,710)(P,129,116,1,229,728)(D,0,1,1,229,728)
1 3 203 849 56 (D,0,1,1,0,0)(P,129,1,116,0,18)(P,130,116,117,0,37)(P,134,117,119,0,61)(P,135,119,120,0,75)(P,184,120,121,0,91)(P,185,121,122,0,99)(P,186,122,87,0,114)(P,101,87,86,0,118)(P,100,86,85,0,138)(P,99,85,84,0,148)(P,97,84,82,0,161)(P,94,82,80,0,177)(P,91,80,79,0,189)(P,90,79,78,0,201)(P,89,78,77,0,216)(P,88,77,46,0,232)(P,49,46,43,0,237)(P,43,43,37,0,253)(P,33,37,35,0,270)(S,31,35,34,59,329)(S,46,34,45,63,333)(S,45,45,44,77,347)(P,45,44,45,77,361)(S,64,45,60,92,376)(P,64,60,45,92,391)(P,45,45,44,92,405)(P,44,44,43,92,436)(S,43,43,37,108,452)(S,34,37,36,128,472)(S,32,36,35,132,476)(P,32,35,36,132,480)(S,35,36,38,157,505)(S,36,38,39,163,511)(S,37,39,40,181,529)(S,38,40,41,193,541)(S,39,41,38,203,551)(P,35,38,36,203,576)(P,34,36,37,203,596)(P,43,37,43,203,612)(P,49,43,46,203,617)(P,88,46,77,203,633)(P,89,77,78,203,648)(P,90,78,79,203,660)(P,91,79,80,203,672)(P,94,80,82,203,688)(P,97,82,84,203,701)(P,99,84,85,203,711)(P,100,85,86,203,731)(P,101,86,87,203,735)(P,186,87,122,203,750)(P,185,122,121,203,758)(P,184,121,120,203,774)(P,135,120,119,203,788)(P,134,119,117,203,812)(P,130,117,116,203,831)(P,129,116,1,203,849)(D,0,1,1,203,849)
1 4 213 721 44 (D,0,1,1,0,0)(P,129,1,116,0,18)(P,130,116,117,0,37)(P,134,117,119,0,61)(P,135,119,120,0,75)(P,184,120,121,0,91)(P,185,121,122,0,99)(P,186,122,87,0,114)(P,101,87,86,0,118)(P,100,86,85,0,138)(P,99,85,84,0,148)(P,97,84,82,0,161)(P,94,82,80,0,177)(P,91,80,79,0,189)(P,90,79,78,0,201)(P,89,78,77,0,216)(P,88,77,46,0,232)(P,49,46,43,0,237)(P,43,43,37,0,253)(P,34,37,36,0,273)(P,35,36,38,0,298)(P,39,38,41,0,308)(S,40,41,47,99,407)(S,47,47,42,103,411)(P,47,42,47,103,415)(S,48,47,46,110,422)(S,49,46,43,115,427)(P,49,43,46,115,432)(S,88,46,77,131,448)(P,89,77,78,131,463)(P,90,78,79,131,475)(S,92,79,81,140,484)(S,93,81,80,150,494)(P,93,80,81,150,504)(S,96,81,83,167,521)(S,95,83,82,177,531)(S,103,82,92,203,557)(S,102,92,89,213,567)(P,169,89,88,213,581)(P,170,88,90,213,593)(P,171,90,91,213,600)(P,182,91,118,213,635)(P,133,118,117,213,684)(P,130,117,116,213,703)(P,129,116,1,213,721)(D,0,1,1,213,721)
1 5 227 752 38 (D,0,1,1,0,0)(P,129,1,116,0,18)(P,130,116,117,0,37)(P,133,117,118,0,86)(P,182,118,91,0,121)(P,171,91,90,0,128)(P,170,90,88,0,140)(P,169,88,89,0,154)(P,102,89,92,0,164)(S,104,92,84,29,193)(S,98,84,83,47,211)(P,98,83,84,47,229)(P,99,84,85,47,239)(P,100,85,86,47,259)(P,101,86,87,47,263)(P,186,87,122,47,278)(P,185,122,121,47,286)(P,183,121,118,47,303)(P,136,118,114,47,361)(S,127,114,115,83,397)(P,131,115,117,83,417)(P,133,117,118,83,466)(S,136,118,114,141,524)(S,126,114,113,153,536)(S,124,113,112,157,540)(S,122,112,110,170,553)(S,120,110,107,178,561)(S,116,107,106,206,589)(S,115,106,105,221,604)(S,114,105,104,227,610)(P,114,104,105,227,616)(P,115,105,106,227,631)(P,116,106,107,227,659)(P,123,107,112,227,672)(P,124,112,113,227,676)(P,126,113,114,227,688)(P,127,114,115,227,724)(P,128,115,116,227,734)(P,129,116,1,227,752)(D,0,1,1,227,752)
1 6 150 474 26 (D,0,1,1,0,0)(P,129,1,116,0,18)(P,128,116,115,0,28)(P,127,115,114,0,64)(P,126,114,113,0,76)(P,124,113,112,0,80)(P,123,112,107,0,93)(P,116,107,106,0,121)(P,115,106,105,0,136)(P,114,105,104,0,142)(S,113,104,102,21,163)(P,180,102,103,21,205)(S,125,103,113,67,251)(P,124,113,112,67,255)(S,123,112,107,80,268)(S,117,107,108,105,293)(S,118,108,106,143,331)(P,116,106,107,143,359)(P,120,107,110,143,367)(P,121,110,111,143,374)(S,121,111,110,150,381)(P,122,110,112,150,394)(P,124,112,113,150,398)(P,126,113,114,150,410)(P,127,114,115,150,446)(P,128,115,116,150,456)(P,129,116,1,150,474)(D,0,1,1,150,474)
1 7 214 827 30 (D,0,1,1,0,0)(P,129,1,116,0,18)(P,128,116,115,0,28)(P,127,115,114,0,64)(P,126,114,113,0,76)(P,124,113,112,0,80)(P,123,112,107,0,93)(P,117,107,108,0,118)(S,119,108,109,103,221)(P,119,109,108,103,324)(P,118,108,106,103,362)(P,115,106,105,103,377)(P,114,105,104,103,383)(P,113,104,102,103,404)(P,179,102,101,103,421)(P,178,101,66,103,449)(S,72,66,62,140,486)(S,68,62,57,154,500)(S,61,57,58,174,520)(S,62,58,59,214,560)(P,62,59,58,214,600)(P,159,58,70,214,611)(P,76,70,69,214,619)(P,75,69,67,214,623)(P,74,67,68,214,632)(P,172,68,90,214,699)(P,171,90,91,214,706)(P,182,91,118,214,741)(P,133,118,117,214,790)(P,130,117,116,214,809)(P,129,116,1,214,827)(D,0,1,1,214,827)
1 8 240 764 34 (D,0,1,1,0,0)(P,129,1,116,0,18)(P,130,116,117,0,37)(P,133,117,118,0,86)(P,182,118,91,0,121)(P,171,91,90,0,128)(P,172,90,68,0,195)(P,74,68,67,0,204)(P,75,67,69,0,208)(P,76,69,70,0,216)(P,159,70,58,0,227)(P,62,58,59,0,267)(S,66,59,61,31,298)(S,67,61,49,44,311)(S,51,49,48,54,321)(S,52,48,50,62,329)(S,53,50,51,92,359)(S,54,51,52,104,371)(S,55,52,53,116,383)(S,56,53,140,140,407)(S,57,140,49,164,431)(P,67,49,61,164,444)(S,65,61,60,199,479)(S,63,60,59,217,497)(P,62,59,58,217,537)(S,159,58,70,228,548)(S,76,70,69,236,556)(S,75,69,67,240,560)(P,74,67,68,240,569)(P,172,68,90,240,636)(P,171,90,91,240,643)(P,182,91,118,240,678)(P,133,118,117,240,727)(P,130,117,116,240,746)(P,129,116,1,240,764)(D,0,1,1,240,764)
1 9 235 857 47 (D,0,1,1,0,0)(P,129,1,116,0,18)(P,130,116,117,0,37)(P,133,117,118,0,86)(P,182,118,91,0,121)(P,171,91,90,0,128)(P,172,90,68,0,195)(P,74,68,67,0,204)(S,73,67,66,33,237)(P,73,66,67,33,270)(S,74,67,68,42,279)(P,74,68,67,42,288)(P,75,67,69,42,292)(S,78,69,71,48,298)(S,77,71,70,57,307)(P,77,70,71,57,316)(S,79,71,72,66,325)(S,80,72,73,84,343)(S,82,73,74,89,348)(S,81,74,72,104,363)(P,79,72,71,104,372)(S,84,71,75,140,408)(P,84,75,71,140,444)(P,77,71,70,140,453)(P,159,70,58,140,464)(P,61,58,57,140,484)(S,60,57,56,189,533)(S,59,56,55,193,537)(S,58,55,54,203,547)(S,157,54,140,221,565)(S,156,140,55,235,579)(P,59,55,56,235,583)(P,167,56,65,235,613)(P,71,65,64,235,628)(P,105,64,93,235,656)(P,174,93,94,235,673)(P,177,94,101,235,677)(P,179,101,102,235,694)(P,113,102,104,235,715)(P,114,104,105,235,721)(P,115,105,106,235,736)(P,116,106,107,235,764)(P,123,107,112,235,777)(P,124,112,113,235,781)(P,126,113,114,235,793)(P,127,114,115,235,829)(P,128,115,116,235,839)(P,129,116,1,235,857)(D,0,1,1,235,857)
1 10 192 750 46 (D,0,1,1,0,0)(P,129,1,116,0,18)(P,128,116,115,0,28)(P,127,115,114,0,64)(P,126,114,113,0,76)(P,124,113,112,0,80)(P,123,112,107,0,93)(P,116,107,106,0,121)(P,115,106,105,0,136)(P,114,105,104,0,142)(P,113,104,102,0,163)(P,179,102,101,0,180)(P,177,101,94,0,184)(P,174,94,93,0,201)(P,105,93,64,0,229)(P,71,64,65,0,244)(S,71,65,64,15,259)(S,70,64,63,24,268)(S,69,63,62,31,275)(P,69,62,63,31,282)(S,106,63,93,56,307)(S,105,93,64,84,335)(P,105,64,93,84,363)(P,174,93,94,84,380)(P,176,94,100,84,397)(S,112,100,99,117,430)(S,110,99,96,127,440)(S,107,96,95,135,448)(P,107,95,96,135,456)(S,108,96,97,152,473)(S,109,97,98,155,476)(P,109,98,97,155,479)(S,111,97,99,192,516)(P,112,99,100,192,549)(P,176,100,94,192,566)(P,177,94,101,192,570)(P,179,101,102,192,587)(P,113,102,104,192,608)(P,114,104,105,192,614)(P,115,105,106,192,629)(P,116,106,107,192,657)(P,123,107,112,192,670)(P,124,112,113,192,674)(P,126,113,114,192,686)(P,127,114,115,192,722)(P,128,115,116,192,732)(P,129,116,1,192,750)(D,0,1,1,192,750)
1 11 225 666 25 (D,0,1,1,0,0)(P,129,1,116,0,18)(P,130,116,117,0,37)(P,134,117,119,0,61)(P,135,119,120,0,75)(P,189,120,123,0,107)(P,188,123,124,0,136)(S,137,124,4,67,203)(P,137,4,124,67,270)(S,138,124,126,78,281)(S,139,126,127,93,296)(S,140,127,128,115,318)(S,141,128,3,156,359)(P,141,3,128,156,400)(S,142,128,129,179,423)(S,143,129,127,190,434)(P,139,127,126,190,449)(S,144,126,130,225,484)(P,144,130,126,225,519)(P,138,126,124,225,530)(P,188,124,123,225,559)(P,189,123,120,225,591)(P,135,120,119,225,605)(P,134,119,117,225,629)(P,130,117,116,225,648)(P,129,116,1,225,666)(D,0,1,1,225,666)
1 12 213 585 27 (D,0,1,1,0,0)(P,129,1,116,0,18)(P,130,116,117,0,37)(P,134,117,119,0,61)(P,135,119,120,0,75)(P,189,120,123,0,107)(P,188,123,124,0,136)(P,138,124,126,0,147)(S,145,126,131,26,173)(S,146,131,132,31,178)(S,147,132,133,38,185)(S,148,133,134,48,195)(S,150,134,135,62,209)(S,149,135,133,81,228)(P,148,133,134,81,238)(S,151,134,136,112,269)(S,152,136,137,141,298)(P,152,137,136,141,327)(S,153,136,138,146,332)(S,154,138,131,193,379)(P,154,131,138,193,426)(S,155,138,125,213,446)(P,190,125,123,213,478)(P,189,123,120,213,510)(P,135,120,119,213,524)(P,134,119,117,213,548)(P,130,117,116,213,567)(P,129,116,1,213,585)(D,0,1,1,213,585)
1 13 221 904 53 (D,0,1,1,0,0)(P,129,1,116,0,18)(P,130,116,117,0,37)(P,134,117,119,0,61)(P,135,119,120,0,75)(P,184,120,121,0,91)(P,185,121,122,0,99)(P,186,122,87,0,114)(P,101,87,86,0,118)(P,100,86,85,0,138)(P,99,85,84,0,148)(P,97,84,82,0,161)(P,94,82,80,0,177)(P,91,80,79,0,189)(P,90,79,78,0,201)(P,89,78,77,0,216)(P,88,77,46,0,232)(P,49,46,43,0,237)(P,44,43,44,0,268)(P,45,44,45,0,282)(P,46,45,34,0,286)(S,30,34,139,49,335)(S,50,139,33,62,348)(S,28,33,29,114,400)(S,24,29,28,119,405)(S,23,28,27,125,411)(S,22,27,25,144,430)(S,20,25,24,154,440)(S,18,24,20,187,473)(S,15,20,12,221,507)(P,5,12,11,221,532)(P,29,11,33,221,556)(P,50,33,139,221,569)(P,30,139,34,221,618)(P,46,34,45,221,622)(P,45,45,44,221,636)(P,44,44,43,221,667)(P,49,43,46,221,672)(P,88,46,77,221,688)(P,89,77,78,221,703)(P,90,78,79,221,715)(P,91,79,80,221,727)(P,94,80,82,221,743)(P,97,82,84,221,756)(P,99,84,85,221,766)(P,100,85,86,221,786)(P,101,86,87,221,790)(P,186,87,122,221,805)(P,185,122,121,221,813)(P,184,121,120,221,829)(P,135,120,119,221,843)(P,134,119,117,221,867)(P,130,117,116,221,886)(P,129,116,1,221,904)(D,0,1,1,221,904)
1 14 236 1147 70 (D,0,1,1,0,0)(P,129,1,116,0,18)(P,130,116,117,0,37)(P,134,117,119,0,61)(P,135,119,120,0,75)(P,184,120,121,0,91)(P,185,121,122,0,99)(P,186,122,87,0,114)(P,101,87,86,0,118)(P,100,86,85,0,138)(P,99,85,84,0,148)(P,97,84,82,0,161)(P,94,82,80,0,177)(P,91,80,79,0,189)(P,90,79,78,0,201)(P,89,78,77,0,216)(P,88,77,46,0,232)(P,49,46,43,0,237)(P,44,43,44,0,268)(P,45,44,45,0,282)(P,46,45,34,0,286)(P,30,34,139,0,335)(P,50,139,33,0,348)(P,29,33,11,0,372)(P,5,11,12,0,397)(S,5,12,11,25,422)(S,4,11,8,73,470)(S,2,8,6,83,480)(S,1,6,5,109,506)(P,1,5,6,109,532)(P,2,6,8,109,542)(S,3,8,9,146,579)(P,161,9,10,146,591)(S,8,10,15,159,604)(S,9,15,16,167,612)(S,12,16,13,179,624)(S,6,13,12,191,636)(P,6,12,13,191,648)(S,7,13,14,209,666)(P,7,14,13,209,684)(S,11,13,17,215,690)(S,10,17,15,228,703)(P,10,15,17,228,716)(S,13,17,18,236,724)(P,13,18,17,236,732)(P,11,17,13,236,738)(P,6,13,12,236,750)(P,5,12,11,236,775)(P,29,11,33,236,799)(P,50,33,139,236,812)(P,30,139,34,236,861)(P,46,34,45,236,865)(P,45,45,44,236,879)(P,44,44,43,236,910)(P,49,43,46,236,915)(P,88,46,77,236,931)(P,89,77,78,236,946)(P,90,78,79,236,958)(P,91,79,80,236,970)(P,94,80,82,236,986)(P,97,82,84,236,999)(P,99,84,85,236,1009)(P,100,85,86,236,1029)(P,101,86,87,236,1033)(P,186,87,122,236,1048)(P,185,122,121,236,1056)(P,184,121,120,236,1072)(P,135,120,119,236,1086)(P,134,119,117,236,1110)(P,130,117,116,236,1129)(P,129,116,1,236,1147)(D,0,1,1,236,1147)
1 15 196 1166 68 (D,0,1,1,0,0)(P,129,1,116,0,18)(P,130,116,117,0,37)(P,134,117,119,0,61)(P,135,119,120,0,75)(P,184,120,121,0,91)(P,185,121,122,0,99)(P,186,122,87,0,114)(P,101,87,86,0,118)(P,100,86,85,0,138)(P,99,85,84,0,148)(P,97,84,82,0,161)(P,94,82,80,0,177)(P,91,80,79,0,189)(P,90,79,78,0,201)(P,89,78,77,0,216)(P,88,77,46,0,232)(P,49,46,43,0,237)(P,44,43,44,0,268)(P,45,44,45,0,282)(P,46,45,34,0,286)(P,30,34,139,0,335)(P,50,139,33,0,348)(P,29,33,11,0,372)(P,5,11,12,0,397)(P,6,12,13,0,409)(P,11,13,17,0,415)(P,13,17,18,0,423)(P,162,18,19,0,429)(S,14,19,10,28,457)(P,8,10,15,28,470)(P,10,15,17,28,483)(P,11,17,13,28,489)(P,6,13,12,28,501)(P,5,12,11,28,526)(S,29,11,33,52,550)(P,29,33,11,52,574)(S,158,11,27,102,624)(P,23,27,28,102,630)(S,25,28,30,107,635)(S,26,30,31,148,676)(P,165,31,26,148,688)(S,21,26,25,196,736)(P,22,25,27,196,755)(P,23,27,28,196,761)(P,24,28,29,196,766)(P,28,29,33,196,818)(P,50,33,139,196,831)(P,30,139,34,196,880)(P,46,34,45,196,884)(P,45,45,44,196,898)(P,44,44,43,196,929)(P,49,43,46,196,934)(P,88,46,77,196,950)(P,89,77,78,196,965)(P,90,78,79,196,977)(P,91,79,80,196,989)(P,94,80,82,196,1005)(P,97,82,84,196,1018)(P,99,84,85,196,1028)(P,100,85,86,196,1048)(P,101,86,87,196,1052)(P,186,87,122,196,1067)(P,185,122,121,196,1075)(P,184,121,120,196,1091)(P,135,120,119,196,1105)(P,134,119,117,196,1129)(P,130,117,116,196,1148)(P,129,116,1,196,1166)(D,0,1,1,196,1166)
