The random seed is 1592054879.
There are 140 vertices, 147 tasks, and the capacities of vehicles is 235.

The max number of idle iteration of generating individual: 1000
Beta: 0.900000
The max iteration of k-means: 200
The algorithm stop at the 1521th iteration
The algorith took 188780 clicks (188.780000 seconds).
The best searched solution with total cost 14240 :
1 1 225 362 18 (D,0,1,1,0,0)(S,119,1,116,18,18)(S,120,116,117,37,37)(S,121,117,2,53,53)(P,121,2,117,53,69)(S,122,117,118,102,118)(S,124,118,114,160,176)(S,118,114,113,172,188)(S,116,113,112,176,192)(S,114,112,110,189,205)(S,112,110,107,197,213)(S,108,107,106,225,241)(P,108,106,107,225,269)(P,115,107,112,225,282)(P,116,112,113,225,286)(P,118,113,114,225,298)(P,178,114,115,225,334)(P,179,115,116,225,344)(P,119,116,1,225,362)(D,0,1,1,225,362)
1 2 226 589 36 (D,0,1,1,0,0)(P,119,1,116,0,18)(P,179,116,115,0,28)(P,178,115,114,0,64)(P,118,114,113,0,76)(P,116,113,112,0,80)(P,115,112,107,0,93)(P,108,107,106,0,121)(S,107,106,105,15,136)(S,106,105,104,21,142)(S,105,104,102,42,163)(P,175,102,101,42,180)(P,173,101,94,42,184)(P,172,94,100,42,201)(S,104,100,99,75,234)(S,102,99,96,85,244)(S,99,96,95,93,252)(P,99,95,96,93,260)(S,100,96,97,110,277)(S,101,97,98,113,280)(P,101,98,97,113,283)(S,103,97,99,150,320)(P,104,99,100,150,353)(P,172,100,94,150,370)(P,173,94,101,150,374)(P,175,101,102,150,391)(P,105,102,104,150,412)(P,106,104,105,150,418)(P,107,105,106,150,433)(S,110,106,108,188,471)(S,109,108,107,213,496)(S,115,107,112,226,509)(P,116,112,113,226,513)(P,118,113,114,226,525)(P,178,114,115,226,561)(P,179,115,116,226,571)(P,119,116,1,226,589)(D,0,1,1,226,589)
1 3 233 523 33 (D,0,1,1,0,0)(P,119,1,116,0,18)(P,179,116,115,0,28)(P,178,115,114,0,64)(P,118,114,113,0,76)(S,117,113,103,46,122)(P,177,103,91,46,149)(P,166,91,90,46,156)(P,165,90,88,46,168)(P,164,88,89,46,182)(S,95,89,92,56,192)(S,96,92,82,82,218)(S,87,82,80,98,234)(S,84,80,79,110,246)(S,83,79,78,122,258)(P,83,78,79,122,270)(S,85,79,81,131,279)(S,86,81,80,141,289)(P,86,80,81,141,299)(S,89,81,83,158,316)(S,88,83,82,168,326)(S,90,82,84,181,339)(S,91,84,83,199,357)(P,91,83,84,199,375)(S,92,84,85,209,385)(S,93,85,86,229,405)(S,94,86,87,233,409)(P,186,87,122,233,424)(P,185,122,121,233,432)(P,184,121,120,233,448)(P,181,120,119,233,462)(P,123,119,117,233,486)(P,120,117,116,233,505)(P,119,116,1,233,523)(D,0,1,1,233,523)
1 4 227 926 36 (D,0,1,1,0,0)(P,119,1,116,0,18)(P,120,116,117,0,37)(P,123,117,119,0,61)(S,123,119,117,24,85)(P,180,117,115,24,105)(P,178,115,114,24,141)(P,118,114,113,24,153)(P,116,113,112,24,157)(P,114,112,110,24,170)(S,113,110,111,31,177)(P,113,111,110,31,184)(P,112,110,107,31,192)(P,109,107,108,31,217)(S,111,108,109,134,320)(P,111,109,108,134,423)(P,109,108,107,134,448)(P,115,107,112,134,461)(P,116,112,113,134,465)(P,118,113,114,134,477)(P,124,114,118,134,535)(P,183,118,121,134,552)(P,185,121,122,134,560)(P,187,122,123,134,575)(P,188,123,124,134,604)(S,125,124,4,201,671)(P,125,4,124,201,738)(S,126,124,126,212,749)(S,127,126,127,227,764)(P,127,127,126,227,779)(P,126,126,124,227,790)(P,188,124,123,227,819)(P,189,123,120,227,851)(P,181,120,119,227,865)(P,123,119,117,227,889)(P,120,117,116,227,908)(P,119,116,1,227,926)(D,0,1,1,227,926)
1 5 213 651 32 (D,0,1,1,0,0)(P,119,1,116,0,18)(P,120,116,117,0,37)(P,123,117,119,0,61)(P,181,119,120,0,75)(P,189,120,123,0,107)(P,188,123,124,0,136)(P,126,124,126,0,147)(P,127,126,127,0,162)(S,128,127,128,22,184)(S,129,128,3,63,225)(P,129,3,128,63,266)(S,130,128,129,86,289)(S,131,129,127,97,300)(P,127,127,126,97,315)(S,132,126,130,132,350)(P,132,130,126,132,385)(S,133,126,131,158,411)(S,134,131,132,163,416)(S,135,132,133,170,423)(S,136,133,134,180,433)(S,138,134,135,194,447)(S,137,135,133,213,466)(P,135,133,132,213,473)(P,134,132,131,213,478)(P,133,131,126,213,504)(P,126,126,124,213,515)(P,188,124,123,213,544)(P,189,123,120,213,576)(P,181,120,119,213,590)(P,123,119,117,213,614)(P,120,117,116,213,633)(P,119,116,1,213,651)(D,0,1,1,213,651)
1 6 232 953 41 (D,0,1,1,0,0)(P,119,1,116,0,18)(P,120,116,117,0,37)(P,123,117,119,0,61)(P,181,119,120,0,75)(P,189,120,123,0,107)(P,190,123,125,0,139)(P,143,125,138,0,159)(P,141,138,136,0,164)(P,139,136,134,0,195)(S,139,134,136,31,226)(S,140,136,137,60,255)(P,140,137,136,60,284)(S,141,136,138,65,289)(S,142,138,131,112,336)(P,142,131,138,112,383)(S,143,138,125,132,403)(P,190,125,123,132,435)(P,187,123,122,132,450)(P,185,122,121,132,458)(P,183,121,118,132,475)(P,182,118,91,132,510)(P,168,91,66,132,579)(S,66,66,62,169,616)(S,62,62,57,183,630)(S,54,57,56,232,679)(P,161,56,65,232,709)(P,65,65,64,232,724)(P,97,64,93,232,752)(P,170,93,94,232,769)(P,173,94,101,232,773)(P,175,101,102,232,790)(P,105,102,104,232,811)(P,106,104,105,232,817)(P,107,105,106,232,832)(P,108,106,107,232,860)(P,115,107,112,232,873)(P,116,112,113,232,877)(P,118,113,114,232,889)(P,178,114,115,232,925)(P,179,115,116,232,935)(P,119,116,1,232,953)(D,0,1,1,232,953)
1 7 210 738 47 (D,0,1,1,0,0)(P,119,1,116,0,18)(P,179,116,115,0,28)(P,178,115,114,0,64)(P,118,114,113,0,76)(P,116,113,112,0,80)(P,115,112,107,0,93)(P,108,107,106,0,121)(P,107,106,105,0,136)(P,106,105,104,0,142)(P,105,104,102,0,163)(P,175,102,101,0,180)(P,173,101,94,0,184)(P,170,94,93,0,201)(P,97,93,64,0,229)(P,65,64,65,0,244)(P,161,65,56,0,274)(S,53,56,55,4,278)(S,52,55,54,14,288)(S,145,54,140,32,306)(S,50,140,53,56,330)(S,49,53,52,68,342)(P,160,52,51,68,354)(S,48,51,50,98,384)(S,47,50,48,106,392)(S,46,48,49,116,402)(S,51,49,140,140,426)(S,144,140,55,154,440)(P,53,55,56,154,444)(P,161,56,65,154,474)(S,65,65,64,169,489)(S,64,64,63,178,498)(S,63,63,62,185,505)(P,63,62,63,185,512)(S,98,63,93,210,537)(P,170,93,94,210,554)(P,173,94,101,210,558)(P,175,101,102,210,575)(P,105,102,104,210,596)(P,106,104,105,210,602)(P,107,105,106,210,617)(P,108,106,107,210,645)(P,115,107,112,210,658)(P,116,112,113,210,662)(P,118,113,114,210,674)(P,178,114,115,210,710)(P,179,115,116,210,720)(P,119,116,1,210,738)(D,0,1,1,210,738)
1 8 205 706 45 (D,0,1,1,0,0)(P,119,1,116,0,18)(P,179,116,115,0,28)(P,178,115,114,0,64)(P,118,114,113,0,76)(P,116,113,112,0,80)(P,115,112,107,0,93)(P,108,107,106,0,121)(P,107,106,105,0,136)(P,106,105,104,0,142)(P,105,104,102,0,163)(P,175,102,101,0,180)(P,173,101,94,0,184)(P,170,94,93,0,201)(S,97,93,64,28,229)(P,64,64,63,28,238)(P,63,63,62,28,245)(P,62,62,57,28,259)(S,55,57,58,48,279)(S,56,58,59,88,319)(S,57,59,60,106,337)(S,58,60,45,121,352)(S,40,45,44,135,366)(S,39,44,43,166,397)(S,37,43,42,171,402)(S,36,42,37,188,419)(S,28,37,35,205,436)(P,28,35,37,205,453)(P,38,37,43,205,469)(P,44,43,46,205,474)(P,81,46,77,205,490)(P,82,77,78,205,505)(P,83,78,79,205,517)(P,84,79,80,205,529)(P,87,80,82,205,545)(P,90,82,84,205,558)(P,92,84,85,205,568)(P,93,85,86,205,588)(P,94,86,87,205,592)(P,186,87,122,205,607)(P,185,122,121,205,615)(P,184,121,120,205,631)(P,181,120,119,205,645)(P,123,119,117,205,669)(P,120,117,116,205,688)(P,119,116,1,205,706)(D,0,1,1,205,706)
1 9 235 764 38 (D,0,1,1,0,0)(P,119,1,116,0,18)(P,120,116,117,0,37)(P,123,117,119,0,61)(P,181,119,120,0,75)(P,184,120,121,0,91)(P,185,121,122,0,99)(P,186,122,87,0,114)(P,94,87,86,0,118)(P,93,86,85,0,138)(P,92,85,84,0,148)(P,90,84,82,0,161)(P,87,82,80,0,177)(P,84,80,79,0,189)(P,83,79,78,0,201)(P,82,78,77,0,216)(P,81,77,46,0,232)(P,44,46,43,0,237)(P,38,43,37,0,253)(P,28,37,35,0,270)(S,26,35,34,59,329)(S,25,34,139,108,378)(P,25,139,34,108,427)(S,41,34,45,112,431)(P,40,45,44,112,445)(S,77,44,73,148,481)(S,74,73,72,166,499)(S,73,72,71,175,508)(S,71,71,70,184,517)(S,70,70,69,192,525)(S,72,69,71,198,531)(P,72,71,69,198,537)(S,69,69,67,202,541)(S,67,67,66,235,574)(P,168,66,91,235,643)(P,182,91,118,235,678)(P,122,118,117,235,727)(P,120,117,116,235,746)(P,119,116,1,235,764)(D,0,1,1,235,764)
1 10 147 692 41 (D,0,1,1,0,0)(P,119,1,116,0,18)(P,120,116,117,0,37)(P,122,117,118,0,86)(P,182,118,91,0,121)(P,166,91,90,0,128)(P,167,90,68,0,195)(P,68,68,67,0,204)(S,68,67,68,9,213)(P,68,68,67,9,222)(P,69,67,69,9,226)(P,70,69,70,9,234)(S,147,70,58,20,245)(P,147,58,70,20,256)(P,71,70,71,20,265)(P,73,71,72,20,274)(S,75,72,74,35,289)(S,76,74,73,40,294)(P,76,73,74,40,299)(S,79,74,76,67,326)(S,78,76,75,114,373)(P,78,75,76,114,420)(S,80,76,77,124,430)(S,81,77,46,140,446)(S,43,46,47,147,453)(P,43,47,46,147,460)(P,81,46,77,147,476)(P,82,77,78,147,491)(P,83,78,79,147,503)(P,84,79,80,147,515)(P,87,80,82,147,531)(P,90,82,84,147,544)(P,92,84,85,147,554)(P,93,85,86,147,574)(P,94,86,87,147,578)(P,186,87,122,147,593)(P,185,122,121,147,601)(P,184,121,120,147,617)(P,181,120,119,147,631)(P,123,119,117,147,655)(P,120,117,116,147,674)(P,119,116,1,147,692)(D,0,1,1,147,692)
1 11 224 701 47 (D,0,1,1,0,0)(P,119,1,116,0,18)(P,120,116,117,0,37)(P,123,117,119,0,61)(P,181,119,120,0,75)(P,184,120,121,0,91)(P,185,121,122,0,99)(P,186,122,87,0,114)(P,94,87,86,0,118)(P,93,86,85,0,138)(P,92,85,84,0,148)(P,90,84,82,0,161)(P,87,82,80,0,177)(P,84,80,79,0,189)(P,83,79,78,0,201)(P,82,78,77,0,216)(P,81,77,46,0,232)(P,43,46,47,0,239)(S,35,47,41,99,338)(S,33,41,40,111,350)(S,32,40,39,129,368)(S,31,39,38,135,374)(S,30,38,36,160,399)(S,27,36,35,164,403)(P,27,35,36,164,407)(S,29,36,37,184,427)(S,38,37,43,200,443)(S,44,43,46,205,448)(P,43,46,47,205,455)(S,42,47,42,209,459)(P,37,42,43,209,464)(P,44,43,46,209,469)(P,81,46,77,209,485)(S,82,77,78,224,500)(P,83,78,79,224,512)(P,84,79,80,224,524)(P,87,80,82,224,540)(P,90,82,84,224,553)(P,92,84,85,224,563)(P,93,85,86,224,583)(P,94,86,87,224,587)(P,186,87,122,224,602)(P,185,122,121,224,610)(P,184,121,120,224,626)(P,181,120,119,224,640)(P,123,119,117,224,664)(P,120,117,116,224,683)(P,119,116,1,224,701)(D,0,1,1,224,701)
1 12 221 1307 67 (D,0,1,1,0,0)(P,119,1,116,0,18)(P,120,116,117,0,37)(P,122,117,118,0,86)(P,182,118,91,0,121)(P,166,91,90,0,128)(P,167,90,68,0,195)(P,68,68,67,0,204)(P,69,67,69,0,208)(P,70,69,70,0,216)(P,147,70,58,0,227)(P,56,58,59,0,267)(P,57,59,60,0,285)(S,59,60,61,35,320)(S,60,61,59,66,351)(P,60,59,61,66,382)(S,61,61,49,79,395)(P,61,49,61,79,408)(P,59,61,60,79,443)(P,58,60,45,79,458)(P,41,45,34,79,462)(P,26,34,35,79,521)(P,27,35,36,79,525)(P,30,36,38,79,550)(S,34,38,41,89,560)(P,34,41,38,89,570)(P,30,38,36,89,595)(P,27,36,35,89,599)(P,26,35,34,89,658)(P,25,34,139,89,707)(S,45,139,33,102,720)(S,24,33,11,126,744)(S,5,11,12,151,769)(S,6,12,13,163,781)(S,7,13,14,181,799)(P,7,14,13,181,817)(S,8,13,16,193,829)(P,151,16,15,193,837)(P,150,15,10,193,850)(S,9,10,19,221,878)(P,155,19,18,221,884)(P,154,18,17,221,892)(P,153,17,13,221,898)(P,6,13,12,221,910)(P,5,12,11,221,935)(P,24,11,33,221,959)(P,45,33,139,221,972)(P,25,139,34,221,1021)(P,41,34,45,221,1025)(P,40,45,44,221,1039)(P,39,44,43,221,1070)(P,44,43,46,221,1075)(P,81,46,77,221,1091)(P,82,77,78,221,1106)(P,83,78,79,221,1118)(P,84,79,80,221,1130)(P,87,80,82,221,1146)(P,90,82,84,221,1159)(P,92,84,85,221,1169)(P,93,85,86,221,1189)(P,94,86,87,221,1193)(P,186,87,122,221,1208)(P,185,122,121,221,1216)(P,184,121,120,221,1232)(P,181,120,119,221,1246)(P,123,119,117,221,1270)(P,120,117,116,221,1289)(P,119,116,1,221,1307)(D,0,1,1,221,1307)
1 13 223 1240 62 (D,0,1,1,0,0)(P,119,1,116,0,18)(P,120,116,117,0,37)(P,123,117,119,0,61)(P,181,119,120,0,75)(P,184,120,121,0,91)(P,185,121,122,0,99)(P,186,122,87,0,114)(P,94,87,86,0,118)(P,93,86,85,0,138)(P,92,85,84,0,148)(P,90,84,82,0,161)(P,87,82,80,0,177)(P,84,80,79,0,189)(P,83,79,78,0,201)(P,82,78,77,0,216)(P,81,77,46,0,232)(P,44,46,43,0,237)(P,39,43,44,0,268)(P,40,44,45,0,282)(P,41,45,34,0,286)(P,25,34,139,0,335)(P,45,139,33,0,348)(P,24,33,11,0,372)(P,5,11,12,0,397)(S,10,12,20,34,431)(S,11,20,21,92,489)(P,11,21,20,92,547)(S,12,20,22,102,557)(P,12,22,20,102,567)(P,10,20,12,102,601)(P,5,12,11,102,626)(S,4,11,8,150,674)(S,3,8,9,187,711)(P,3,9,8,187,748)(S,2,8,6,197,758)(S,1,6,5,223,784)(P,1,5,6,223,810)(P,2,6,8,223,820)(P,4,8,11,223,868)(P,24,11,33,223,892)(P,45,33,139,223,905)(P,25,139,34,223,954)(P,41,34,45,223,958)(P,40,45,44,223,972)(P,39,44,43,223,1003)(P,44,43,46,223,1008)(P,81,46,77,223,1024)(P,82,77,78,223,1039)(P,83,78,79,223,1051)(P,84,79,80,223,1063)(P,87,80,82,223,1079)(P,90,82,84,223,1092)(P,92,84,85,223,1102)(P,93,85,86,223,1122)(P,94,86,87,223,1126)(P,186,87,122,223,1141)(P,185,122,121,223,1149)(P,184,121,120,223,1165)(P,181,120,119,223,1179)(P,123,119,117,223,1203)(P,120,117,116,223,1222)(P,119,116,1,223,1240)(D,0,1,1,223,1240)
1 14 229 1038 57 (D,0,1,1,0,0)(P,119,1,116,0,18)(P,120,116,117,0,37)(P,123,117,119,0,61)(P,181,119,120,0,75)(P,184,120,121,0,91)(P,185,121,122,0,99)(P,186,122,87,0,114)(P,94,87,86,0,118)(P,93,86,85,0,138)(P,92,85,84,0,148)(P,90,84,82,0,161)(P,87,82,80,0,177)(P,84,80,79,0,189)(P,83,79,78,0,201)(P,82,78,77,0,216)(P,81,77,46,0,232)(P,44,46,43,0,237)(P,39,43,44,0,268)(P,40,44,45,0,282)(P,41,45,34,0,286)(P,25,34,139,0,335)(P,45,139,33,0,348)(S,23,33,29,52,400)(S,19,29,28,57,405)(S,18,28,27,63,411)(S,17,27,25,82,430)(S,15,25,24,92,440)(S,14,24,23,148,496)(P,157,23,26,148,516)(S,16,26,25,196,564)(P,15,25,24,196,574)(S,13,24,20,229,607)(P,10,20,12,229,641)(P,5,12,11,229,666)(P,24,11,33,229,690)(P,45,33,139,229,703)(P,25,139,34,229,752)(P,41,34,45,229,756)(P,40,45,44,229,770)(P,39,44,43,229,801)(P,44,43,46,229,806)(P,81,46,77,229,822)(P,82,77,78,229,837)(P,83,78,79,229,849)(P,84,79,80,229,861)(P,87,80,82,229,877)(P,90,82,84,229,890)(P,92,84,85,229,900)(P,93,85,86,229,920)(P,94,86,87,229,924)(P,186,87,122,229,939)(P,185,122,121,229,947)(P,184,121,120,229,963)(P,181,120,119,229,977)(P,123,119,117,229,1001)(P,120,117,116,229,1020)(P,119,116,1,229,1038)(D,0,1,1,229,1038)
