The random seed is 1592042763.
There are 12 vertices, 25 tasks, and the capacities of vehicles is 10.

The max number of idle iteration of generating individual: 1000
Beta: 0.900000
The max iteration of k-means: 200
The algorithm stop at the 1004th iteration
The algorith took 4378 clicks (4.378000 seconds).
The best searched solution with total cost 362 :
1 1 10 78 8 (D,0,1,1,0,0)(S,1,1,8,1,9)(S,10,8,3,3,27)(S,6,3,2,4,42)(S,5,2,1,5,53)(S,2,1,9,7,57)(S,11,9,3,8,63)(S,9,3,4,10,71)(P,12,4,1,10,78)(D,0,1,1,10,78)
1 2 10 97 8 (D,0,1,1,0,0)(P,12,1,4,0,7)(S,7,4,2,2,25)(S,8,2,5,4,33)(S,15,5,1,6,42)(S,3,1,10,7,55)(S,23,10,9,8,74)(S,21,9,8,10,88)(P,1,8,1,10,97)(D,0,1,1,10,97)
1 3 10 78 10 (D,0,1,1,0,0)(P,1,1,8,0,9)(S,22,8,12,1,14)(S,24,12,10,3,16)(P,24,10,12,3,18)(S,25,12,11,4,25)(S,4,11,1,6,37)(S,12,1,4,7,44)(S,13,4,6,9,54)(S,16,6,5,10,69)(P,15,5,1,10,78)(D,0,1,1,10,78)
1 4 7 72 9 (D,0,1,1,0,0)(P,15,1,5,0,9)(S,20,5,7,1,14)(S,18,7,2,2,20)(P,18,2,7,2,26)(S,19,7,4,4,37)(S,14,4,11,5,54)(S,17,11,6,7,57)(P,17,6,11,7,60)(P,4,11,1,7,72)(D,0,1,1,7,72)
