The random seed is 1592042883.
There are 8 vertices, 28 tasks, and the capacities of vehicles is 41.

The max number of idle iteration of generating individual: 1000
Beta: 0.900000
The max iteration of k-means: 200
The algorithm stop at the 1024th iteration
The algorith took 6087 clicks (6.087000 seconds).
The best searched solution with total cost 261 :
1 1 40 12 8 (D,0,1,1,0,0)(S,2,1,3,3,1)(S,8,3,2,6,3)(S,9,2,4,10,5)(S,3,4,1,14,6)(S,4,1,5,19,7)(S,10,5,2,24,9)(S,13,2,8,32,11)(S,7,8,1,40,12)(D,0,1,1,40,12)
1 2 38 22 7 (D,0,1,1,0,0)(S,5,1,6,6,1)(S,23,6,5,12,6)(S,15,5,3,17,9)(S,18,3,8,25,12)(S,25,8,5,33,17)(S,19,5,4,38,21)(P,3,4,1,38,22)(D,0,1,1,38,22)
1 3 37 28 8 (D,0,1,1,0,0)(S,6,1,7,7,1)(S,24,7,5,14,6)(P,4,5,1,14,7)(P,6,1,7,14,8)(S,26,7,6,21,14)(S,27,6,8,29,20)(S,28,8,7,37,27)(P,6,7,1,37,28)(D,0,1,1,37,28)
1 4 41 20 8 (D,0,1,1,0,0)(P,6,1,7,0,1)(S,12,7,2,7,3)(S,11,2,6,13,5)(S,16,6,3,19,8)(S,17,3,7,26,11)(S,21,7,4,33,15)(S,22,4,8,41,19)(P,7,8,1,41,20)(D,0,1,1,41,20)
1 5 12 11 5 (D,0,1,1,0,0)(S,1,1,2,2,1)(P,8,2,3,2,3)(S,14,3,4,6,6)(S,20,4,6,12,10)(P,5,6,1,12,11)(D,0,1,1,12,11)
