The random seed is 1592042889.
There are 9 vertices, 36 tasks, and the capacities of vehicles is 37.

The max number of idle iteration of generating individual: 1000
Beta: 0.900000
The max iteration of k-means: 200
The algorithm stop at the 1619th iteration
The algorith took 22131 clicks (22.131000 seconds).
The best searched solution with total cost 344 :
1 1 37 50 11 (D,0,1,1,0,0)(S,1,1,2,2,3)(S,9,2,3,6,9)(S,2,3,1,13,14)(S,3,1,4,14,20)(S,10,4,2,18,21)(S,12,2,6,23,28)(S,5,6,1,24,32)(S,6,1,7,25,36)(S,13,7,2,31,40)(S,14,2,8,32,45)(S,7,8,1,37,50)(D,0,1,1,37,50)
1 2 36 41 9 (D,0,1,1,0,0)(S,8,1,9,8,8)(S,15,9,2,10,12)(P,10,2,4,10,13)(S,16,4,3,18,18)(S,18,3,6,24,25)(S,23,6,4,27,28)(S,24,4,7,32,29)(S,19,7,3,36,36)(P,2,3,1,36,41)(D,0,1,1,36,41)
1 3 35 33 9 (D,0,1,1,0,0)(P,2,1,3,0,5)(S,20,3,8,2,12)(S,25,8,4,9,13)(S,26,4,9,14,16)(S,21,9,3,21,19)(P,21,3,9,21,22)(S,33,9,6,27,23)(S,31,6,7,35,29)(P,6,7,1,35,33)(D,0,1,1,35,33)
1 4 33 39 10 (D,0,1,1,0,0)(P,6,1,7,0,4)(S,34,7,8,5,5)(S,32,8,6,9,6)(S,27,6,5,10,13)(S,29,5,8,17,20)(S,36,8,9,20,21)(S,35,9,7,22,23)(P,35,7,9,22,25)(S,30,9,5,30,33)(S,4,5,1,33,39)(D,0,1,1,33,39)
1 5 12 28 7 (D,0,1,1,0,0)(P,2,1,3,0,5)(S,17,3,5,6,12)(S,22,5,4,8,17)(P,24,4,7,8,18)(S,28,7,5,9,22)(S,11,5,2,12,25)(P,1,2,1,12,28)(D,0,1,1,12,28)
