The random seed is 1592043090.
There are 12 vertices, 22 tasks, and the capacities of vehicles is 5.

The max number of idle iteration of generating individual: 1000
Beta: 0.900000
The max iteration of k-means: 200
The algorithm stop at the 1173th iteration
The algorith took 4665 clicks (4.665000 seconds).
The best searched solution with total cost 353 :
1 1 5 73 7 (D,0,1,1,0,0)(S,1,1,2,1,13)(P,8,2,9,1,15)(S,4,9,1,2,26)(S,2,1,4,3,43)(S,9,4,3,4,63)(P,11,3,12,4,69)(S,6,12,1,5,73)(D,0,1,1,5,73)
1 2 5 52 7 (D,0,1,1,0,0)(S,3,1,7,1,19)(S,15,7,6,2,23)(P,16,6,12,2,26)(S,14,12,5,3,37)(S,10,5,3,4,42)(S,11,3,12,5,48)(P,6,12,1,5,52)(D,0,1,1,5,52)
1 3 5 66 7 (D,0,1,1,0,0)(P,6,1,12,0,4)(S,16,12,6,1,7)(S,12,6,5,2,14)(S,13,5,11,3,34)(S,19,11,8,4,44)(P,18,8,10,4,47)(S,5,10,1,5,66)(D,0,1,1,5,66)
1 4 5 76 10 (D,0,1,1,0,0)(P,6,1,12,0,4)(P,16,12,6,0,7)(P,15,6,7,0,11)(S,17,7,8,1,19)(S,18,8,10,2,22)(S,22,10,11,3,34)(P,21,11,9,3,48)(S,8,9,2,4,50)(S,7,2,4,5,59)(P,2,4,1,5,76)(D,0,1,1,5,76)
1 5 2 64 5 (D,0,1,1,0,0)(P,4,1,9,0,11)(S,20,9,10,1,27)(P,22,10,11,1,39)(S,21,11,9,2,53)(P,4,9,1,2,64)(D,0,1,1,2,64)
