The random seed is 1592043113.
There are 12 vertices, 22 tasks, and the capacities of vehicles is 5.

The max number of idle iteration of generating individual: 1000
Beta: 0.900000
The max iteration of k-means: 200
The algorithm stop at the 1532th iteration
The algorith took 9723 clicks (9.723000 seconds).
The best searched solution with total cost 379 :
1 1 5 86 6 (D,0,1,1,0,0)(S,1,1,2,1,13)(S,6,2,3,2,31)(S,9,3,4,3,51)(S,7,4,2,4,60)(P,7,2,4,4,69)(S,2,4,1,5,86)(D,0,1,1,5,86)
1 2 5 94 11 (D,0,1,1,0,0)(S,3,1,7,1,19)(S,16,7,6,2,23)(P,16,6,7,2,27)(P,18,7,8,2,35)(P,20,8,10,2,38)(S,21,10,9,3,54)(S,8,9,2,4,56)(P,7,2,4,4,65)(S,12,4,11,5,71)(P,12,11,4,5,77)(P,2,4,1,5,94)(D,0,1,1,5,94)
1 3 5 73 8 (D,0,1,1,0,0)(P,5,1,12,0,4)(P,17,12,6,0,7)(S,13,6,5,1,14)(S,10,5,3,2,19)(S,11,3,11,3,41)(S,14,11,5,4,58)(S,15,5,12,5,69)(P,5,12,1,5,73)(D,0,1,1,5,73)
1 4 5 58 7 (D,0,1,1,0,0)(P,5,1,12,0,4)(S,17,12,6,1,7)(P,17,6,12,1,10)(S,19,12,7,2,28)(S,18,7,8,3,36)(S,20,8,10,4,39)(S,4,10,1,5,58)(D,0,1,1,5,58)
1 5 2 46 4 (D,0,1,1,0,0)(S,5,1,12,1,4)(S,22,12,11,2,23)(P,12,11,4,2,29)(P,2,4,1,2,46)(D,0,1,1,2,46)
