The random seed is 1592042875.
There are 8 vertices, 28 tasks, and the capacities of vehicles is 24.

The max number of idle iteration of generating individual: 1000
Beta: 0.900000
The max iteration of k-means: 200
The algorithm stop at the 1418th iteration
The algorith took 8155 clicks (8.155000 seconds).
The best searched solution with total cost 218 :
1 1 18 25 8 (D,0,1,1,0,0)(S,1,1,2,8,4)(P,11,2,6,8,6)(S,16,6,3,14,10)(S,2,3,1,15,11)(S,4,1,5,17,17)(S,19,5,4,18,23)(P,22,4,8,18,24)(P,7,8,1,18,25)(D,0,1,1,18,25)
1 2 17 25 8 (D,0,1,1,0,0)(P,7,1,8,0,1)(P,22,8,4,0,2)(S,14,4,3,7,9)(S,17,3,7,15,17)(S,21,7,4,16,21)(P,22,4,8,16,22)(S,18,8,3,17,24)(P,2,3,1,17,25)(D,0,1,1,17,25)
1 3 23 21 7 (D,0,1,1,0,0)(P,2,1,3,0,1)(S,8,3,2,8,4)(P,11,2,6,8,6)(S,5,6,1,15,12)(S,7,1,8,18,13)(S,13,8,2,23,17)(P,1,2,1,23,21)(D,0,1,1,23,21)
1 4 17 20 6 (D,0,1,1,0,0)(P,7,1,8,0,1)(S,28,8,7,7,8)(S,26,7,6,13,16)(P,20,6,4,13,18)(S,22,4,8,17,19)(P,7,8,1,17,20)(D,0,1,1,17,20)
1 5 24 28 11 (D,0,1,1,0,0)(P,7,1,8,0,1)(S,25,8,5,8,9)(S,15,5,3,11,12)(P,2,3,1,11,13)(S,3,1,4,14,16)(P,20,4,6,14,18)(S,27,6,8,22,21)(P,22,8,4,22,22)(S,20,4,6,24,24)(P,27,6,8,24,27)(P,7,8,1,24,28)(D,0,1,1,24,28)
