The random seed is 1592042755.
There are 12 vertices, 22 tasks, and the capacities of vehicles is 5.

The max number of idle iteration of generating individual: 1000
Beta: 0.900000
The max iteration of k-means: 200
The algorithm stop at the 1726th iteration
The algorith took 7497 clicks (7.497000 seconds).
The best searched solution with total cost 386 :
1 1 5 86 6 (D,0,1,1,0,0)(S,1,1,2,1,13)(S,6,2,3,2,31)(S,9,3,4,3,51)(S,7,4,2,4,60)(P,7,2,4,4,69)(S,2,4,1,5,86)(D,0,1,1,5,86)
1 2 5 80 9 (D,0,1,1,0,0)(P,1,1,2,0,13)(S,8,2,9,1,15)(S,20,9,10,2,31)(S,22,10,11,3,43)(S,21,11,9,4,57)(P,8,9,2,4,59)(P,1,2,1,4,72)(S,5,1,12,5,76)(P,5,12,1,5,80)(D,0,1,1,5,80)
1 3 5 64 10 (D,0,1,1,0,0)(P,5,1,12,0,4)(S,13,12,5,1,15)(S,10,5,3,2,20)(P,10,3,5,2,25)(S,11,5,6,3,32)(S,15,6,12,4,35)(S,17,12,7,5,53)(P,14,7,6,5,57)(P,15,6,12,5,60)(P,5,12,1,5,64)(D,0,1,1,5,64)
1 4 5 71 10 (D,0,1,1,0,0)(S,3,1,7,1,19)(P,14,7,6,1,23)(P,15,6,12,1,26)(P,5,12,1,1,30)(S,4,1,10,2,49)(S,18,10,8,3,52)(S,16,8,7,4,60)(S,14,7,6,5,64)(P,15,6,12,5,67)(P,5,12,1,5,71)(D,0,1,1,5,71)
1 5 2 63 9 (D,0,1,1,0,0)(P,5,1,12,0,4)(P,15,12,6,0,7)(P,11,6,5,0,14)(S,12,5,11,1,34)(S,19,11,8,2,44)(P,16,8,7,2,52)(P,14,7,6,2,56)(P,15,6,12,2,59)(P,5,12,1,2,63)(D,0,1,1,2,63)
