The random seed is 1592042767.
There are 22 vertices, 45 tasks, and the capacities of vehicles is 50.

The max number of idle iteration of generating individual: 1000
Beta: 0.900000
The max iteration of k-means: 200
The algorithm stop at the 1875th iteration
The algorith took 23238 clicks (23.238000 seconds).
The best searched solution with total cost 691 :
1 1 50 106 10 (D,0,1,1,0,0)(S,1,1,8,4,9)(S,11,8,3,10,27)(S,6,3,2,11,42)(S,5,2,1,20,53)(S,2,1,9,26,57)(S,12,9,3,31,63)(S,10,3,4,32,71)(S,7,4,2,37,89)(S,8,2,5,41,97)(S,17,5,1,50,106)(D,0,1,1,50,106)
1 2 47 73 10 (D,0,1,1,0,0)(S,3,1,10,1,13)(S,29,10,9,4,32)(S,26,9,8,13,46)(S,27,8,12,15,51)(S,31,12,10,22,53)(S,32,10,18,30,55)(S,41,18,17,38,57)(S,35,17,12,47,59)(P,27,12,8,47,64)(P,1,8,1,47,73)(D,0,1,1,47,73)
1 3 50 95 14 (D,0,1,1,0,0)(P,1,1,8,0,9)(P,27,8,12,0,14)(S,33,12,11,6,21)(S,4,11,1,9,33)(S,14,1,4,16,40)(S,15,4,6,21,50)(S,18,6,5,25,65)(S,19,5,14,28,67)(S,36,14,13,35,72)(S,25,13,7,36,74)(S,22,7,2,44,80)(S,9,2,22,50,82)(P,9,22,2,50,84)(P,5,2,1,50,95)(D,0,1,1,50,95)
1 4 46 120 19 (D,0,1,1,0,0)(P,5,1,2,0,11)(P,9,2,22,0,13)(S,37,22,13,2,19)(P,25,13,7,2,21)(S,23,7,4,7,32)(S,16,4,11,11,49)(S,20,11,6,16,52)(S,21,6,15,18,54)(S,38,15,14,27,69)(P,19,14,5,27,71)(S,24,5,7,30,76)(P,25,7,13,30,78)(P,37,13,22,30,84)(S,45,22,21,37,99)(S,13,21,3,38,101)(P,13,3,21,38,103)(S,44,21,20,46,109)(P,28,20,8,46,111)(P,1,8,1,46,120)(D,0,1,1,46,120)
1 5 31 73 14 (D,0,1,1,0,0)(P,1,1,8,0,9)(S,28,8,20,8,11)(S,43,20,19,10,17)(S,30,19,9,17,19)(P,30,9,19,17,21)(S,42,19,18,20,40)(P,41,18,17,20,42)(S,40,17,16,26,49)(S,34,16,11,28,51)(P,34,11,16,28,53)(S,39,16,15,31,56)(P,21,15,6,31,58)(P,20,6,11,31,61)(P,4,11,1,31,73)(D,0,1,1,31,73)
