The random seed is 1592042835.
There are 7 vertices, 21 tasks, and the capacities of vehicles is 21.

The max number of idle iteration of generating individual: 1000
Beta: 0.900000
The max iteration of k-means: 200
The algorithm stop at the 1695th iteration
The algorith took 32714 clicks (32.714000 seconds).
The best searched solution with total cost 203 :
1 1 18 26 7 (D,0,1,1,0,0)(S,1,1,2,1,1)(S,7,2,3,6,7)(S,12,3,4,8,15)(S,3,4,1,13,22)(S,4,1,5,17,24)(S,9,5,2,18,25)(P,1,2,1,18,26)(D,0,1,1,18,26)
1 2 16 30 9 (D,0,1,1,0,0)(S,6,1,7,3,4)(P,6,7,1,3,8)(S,2,1,3,6,10)(S,14,3,6,8,15)(P,14,6,3,8,20)(S,13,3,5,13,21)(S,16,5,4,16,25)(P,8,4,2,16,29)(P,1,2,1,16,30)(D,0,1,1,16,30)
1 3 20 29 6 (D,0,1,1,0,0)(P,2,1,3,0,2)(S,15,3,7,7,9)(S,20,7,5,10,14)(S,19,5,6,15,21)(S,10,6,2,20,28)(P,1,2,1,20,29)(D,0,1,1,20,29)
1 4 14 16 4 (D,0,1,1,0,0)(S,5,1,6,8,5)(P,21,6,7,8,8)(S,11,7,2,14,15)(P,1,2,1,14,16)(D,0,1,1,14,16)
1 5 13 21 5 (D,0,1,1,0,0)(P,6,1,7,0,4)(S,18,7,4,4,10)(S,17,4,6,6,14)(S,21,6,7,13,17)(P,6,7,1,13,21)(D,0,1,1,13,21)
