The random seed is 1592043123.
There are 12 vertices, 22 tasks, and the capacities of vehicles is 5.

The max number of idle iteration of generating individual: 1000
Beta: 0.900000
The max iteration of k-means: 200
The algorithm stop at the 1028th iteration
The algorith took 4068 clicks (4.068000 seconds).
The best searched solution with total cost 369 :
1 1 5 78 6 (D,0,1,1,0,0)(S,1,1,2,1,13)(S,7,2,3,2,31)(S,11,3,5,3,36)(P,11,5,3,3,41)(S,10,3,4,4,61)(S,2,4,1,5,78)(D,0,1,1,5,78)
1 2 5 71 6 (D,0,1,1,0,0)(S,3,1,7,1,19)(S,14,7,6,2,23)(S,15,6,11,3,26)(S,21,11,9,4,40)(P,21,9,11,4,54)(S,5,11,1,5,71)(D,0,1,1,5,71)
1 3 5 76 7 (D,0,1,1,0,0)(S,4,1,10,1,19)(S,22,10,11,2,31)(P,22,11,10,2,43)(S,18,10,8,3,46)(S,16,8,7,4,54)(S,17,7,12,5,72)(P,6,12,1,5,76)(D,0,1,1,5,76)
1 4 5 92 9 (D,0,1,1,0,0)(P,6,1,12,0,4)(P,13,12,5,0,15)(S,12,5,11,1,35)(S,19,11,8,2,45)(P,18,8,10,2,48)(S,20,10,9,3,64)(S,9,9,2,4,66)(S,8,2,4,5,75)(P,2,4,1,5,92)(D,0,1,1,5,92)
1 5 2 30 4 (D,0,1,1,0,0)(S,6,1,12,1,4)(S,13,12,5,2,15)(P,13,5,12,2,26)(P,6,12,1,2,30)(D,0,1,1,2,30)
